0.510766718948
-0.21481667144
0.0014559846564
-0.291636806225
-0.399024137717
-0.222741996864
-0.0798184511238
-0.428203417655
-0.772745812933
0.00746516851127
0.400064292515
0.0112902883731
0.337389178214
0.135500857144
0.254367907082
0.403413020775
0.450655317787
-0.295395394394
-0.222435886395
-0.104430301627
-0.0495085526737
-0.0477739354898
0.0821106127119
-0.23337506435
0.0404269368002
0.26130677562
-0.35838572827
0.37556301934
0.204272053544
0.0270883325343
-0.103645951428
-0.673480139822
0.0377070578472
0.160449373304
-0.00688161310222
0.653650798352
0.305401541645
0.258058827831
0.23787832371
0.451474537166
0.214287666559
0.35451488748
-0.0243376097263
-0.279750390778
-0.0155808307903
-0.0331039193327
-0.211053145169
-0.103940098482
-0.25025059682
0.65192159281
1.09110451356
0.433614391438
0.572338665591
0.410892683497
0.380879726859
0.6778743035
-0.121107286632
-0.395591917521
0.001555731119
-0.11641587456
-0.0682911453603
0.050759860472
0.0316838906413
-0.3807825978
0.27934832329
0.423813139596
0.645321925588
0.788264903524
0.0621218203932
0.25792434813
-0.0688976482269
0.353243263337
0.0386067224347
-0.181183627743
0.174348894149
-0.121065583531
-0.00547417464806
0.280626233325
0.094069170927
-0.345641581641
0.499273937083
0.591041568994
0.82503751298
0.42063887123
0.419879883189
0.14432020241
0.0459323987908
-0.644987767028
-0.256579021316
-0.0596433016285
-0.0387205847018
-0.155906168509
0.192503111238
0.552373254104
0.379396913566
0.257104950483
0.434346679152
0.426328126449
0.249214159188
0.0913666137506
0.25351967481
-0.043277834941
-0.0862534449591
-0.241207717162
-0.106421747054
-0.224882555475
0.507334989808
-0.168776287107
0.013485957969
-0.0221854607604
0.764286535156
0.257629647493
0.146403991265
0.0705579462167
-0.0694650635502
0.0916097645515
-0.0123858319178
0.233844166899
0.178480122406
-0.356344556225
-0.0281621196658
-0.149475440873
-0.074570564647
0.682407487019
0.298664038395
-0.228220000312
0.474183833037
0.551632375378
0.0826756537406
0.243099249519
0.383886527556
-0.00986736495861
0.0131814602698
-0.183099991691
0.0210266666625
-0.218700236485
-0.173043172605
-0.0410767686205
-0.192928639178
0.107405927182
0.064077765662
-0.29607011765
-0.323113292927
0.149989592645
0.285403177167
0.528604058887
0.58490415539
0.431807510576
0.536921028924
0.709091149157
0.43884243497
0.0942396038362
0.069650323902
0.109199944761
0.0559438728742
0.619390468268
-0.293177486911
0.335152515285
-0.597523614172
-0.587198298677
-0.323279445275
0.55552428557
0.764471078588
0.44724087283
0.363582535514
0.591978233998
0.364252444574
0.606886580393
0.558536206183
0.451526687996
0.119964935377
-0.658522503692
-0.625925488337
0.21089528101
-0.178143985402
-0.439891918277
0.0412853273278
0.17613554351
0.416070222084
0.367249248232
0.281154045671
0.257116546459
0.359268425551
0.490455514408
0.643655345177
0.507312267146
0.204386387774
-0.129936599974
-0.316069899629
-0.25981472504
-0.277311608888
-0.558369889678
-0.41133247892
-0.163925407961
0.0309430614153
0.177697816767
0.225425629826
0.230052141275
0.0346369590274
0.153044587538
0.151886605038
-0.0377826872299
-0.0722061692752
0.178432824364
-0.319363746648
0.203640744749
-0.534695897127
-0.105843546328
0.0674540263364
-0.165752031233
0.298530624164
0.132245245624
-0.103866723099
-0.0285011405007
-0.00665116677874
0.22969816976
-0.424414631337
0.34668162935
0.0214570749595
0.430081611297
0.259164185539
0.0861129605476
0.101234534685
-0.260356792609
-0.157450548091
-0.274656632395
0.139632319822
0.415122271989
-0.218074628474
-0.172911168104
-0.15479228623
0.421442168438
-0.509960352791
-0.0786985724655
-0.0490269338249
-0.134931959353
-0.389339586988
0.0210703247323
0.0207226435393
0.593012166177
0.565512299362
-0.0609593348942
-0.344498632005
-0.646989059363
-0.064326759978
0.455782861652
0.21575911677
-0.000646932419664
0.136698510282
0.141176768672
0.250227490519
0.230047789755
-0.252460870058
-0.0195457982709
0.476454770757
0.363655429935
0.115082563976
