0.203623955143
-0.0381607198254
-0.0275735291919
0.0104882469233
-0.0416218889927
0.0438389058936
0.0749475192174
0.0938267431979
0.107196191551
0.157218753264
0.144142352345
0.117154006239
0.0413045049443
0.040338724735
0.0654074964392
0.0704960428012
0.0768486013521
-0.0233760466885
-0.0123914363899
-0.0283078595741
0.00328906399306
0.0538018043051
0.0638683376665
0.0747345726659
0.0683714138576
0.0936529599373
0.064803559566
0.0799863133883
0.0430743673018
0.0860091936747
0.134687773244
0.0942975424756
0.0587457215189
-0.0104294714728
-0.0526148186244
-0.0434583293693
0.0185435585139
0.0608540237637
0.0671565033021
0.0639436869712
0.0571725643177
0.0073765002379
0.0754545546359
-0.040631385698
0.0320016648619
0.0426516913532
0.101884799642
0.117322608045
0.0436844985284
0.00806708178412
-0.0278329154336
0.0149147318135
0.0229700091625
0.0433049398751
0.0607314468744
0.0807642834106
0.0534144163968
0.0405231979372
0.00831994939867
-0.00768928754502
0.0857714996734
0.0917121563565
0.140143499127
0.0913738342906
0.0283683256084
-0.0132590711458
-0.00546956499404
0.035080501306
0.0549343248858
0.062865548384
0.0856185950028
0.0967480369787
0.0714312860504
0.0258353552792
0.0393638556467
0.0349924138365
0.0606502419386
0.134487360594
0.129257558375
0.0725888996262
-0.000537244523883
-0.00739620384875
0.0429808725675
0.0577702539188
0.0386790450281
0.0945955512838
0.119027799244
0.0900331118055
0.0898848718188
0.0838741018927
0.0521391783058
0.0907618364943
0.0974911894639
0.127056898971
0.11261729738
0.0681881103228
0.02387042391
-0.0197612899638
0.0269479741855
0.0497092299953
0.0630775468496
0.0791900433679
0.0870838819601
0.129033969816
0.145238784969
0.114038043652
0.0081303235349
0.0601727370408
0.0768233366914
0.103003825717
0.0384335834974
-0.00999569805321
-0.0437253565198
-0.0169205091528
0.012182915624
0.0500740575901
0.0459131371163
0.0634673038296
0.109765344642
0.102216017143
0.118006461878
0.110583824659
0.0530919043621
0.0674287947674
0.0776894677639
0.0351153753263
0.00189000698814
-0.0128016281573
-0.0143435022738
0.0570881939894
0.0535824258777
0.00259023964224
0.0184917467958
0.0428514274213
0.10668075065
0.120104378097
0.133855974815
0.0767616124044
0.0939471199948
0.0608743707017
0.0725066601106
0.0838318424756
0.0374906543491
0.0238277148826
-0.000159302261907
0.0279031619043
0.0276383114804
-0.00976653429859
0.047715903646
0.0893466999966
0.109615171352
0.115110970647
0.0670968652871
0.050755713366
0.0937225011068
0.0720196111836
0.0283876461111
0.06372310769
0.0421599751039
0.0306977435788
-0.00698860426721
0.0207158888633
0.00669918524282
0.0289276004287
0.0316678352139
0.0971074644852
0.0964198447948
0.12067437115
0.0522743972106
0.0258666817265
0.0349934031817
0.0202187234266
0.0324976124656
0.0791661127032
0.0876799139585
0.034553622995
0.0196350883491
0.0325279481136
0.0758130704007
0.0702931525285
0.0759730624998
0.0443255712798
0.0884488601263
0.0910036697837
0.00737038350169
0.0288640052852
0.0233063567933
0.0257131547314
0.0321646362282
0.0854220395977
0.0703215058517
0.0634156227394
0.0331118886173
0.0427712789508
0.097114378788
0.0999441137919
0.0654422924756
0.0896098877227
0.0509475244576
0.034229792437
-0.0142712695764
0.00990656621942
0.0315120914108
0.0378625948109
0.105673236091
0.108660837847
0.10988254652
0.0816399844761
0.0411022467256
0.0860723634594
0.121638075611
0.135003953688
0.0850111753809
0.087402264478
0.0606133535853
0.0568914238948
0.00756736587689
0.0422411432229
0.105837645281
0.108356090086
0.116633262413
0.118189280816
0.121760087254
0.10417131107
0.0627068650079
0.0487695543957
0.0996841306041
0.0943551029641
0.10275322453
0.117261373838
0.112912641999
0.121064706164
0.0804701038766
0.103436461316
0.133001763469
0.13022483725
0.111847166614
0.106245353646
0.0973296261404
0.0919898251746
0.0568860408202
0.0254649939566
0.033001039313
-0.00329930269091
0.0582487692366
0.0874172866769
0.0579468537915
0.090609324549
0.0471316766338
0.0449591788082
0.0804759408535
0.0676615262617
0.0665950642832
0.0403639301435
0.0382422011605
0.0452632513555
0.0282869234931
