0.524096898759
0.350150310913
0.120953738848
-0.000219988153461
-0.00770094417017
-0.378594091321
-0.108245758333
-0.0101692011104
-0.543905398791
-0.265937168904
-0.0558706497927
0.301408943279
0.127425570991
0.131409027079
0.0561907299801
0.0844287941352
0.793814093301
0.158203213006
0.094470769749
-0.146022859954
0.23660425105
-0.250559166102
-0.118229054176
-0.12554349143
0.138966286872
-0.10218729102
-0.2717174998
0.110316951238
-0.233082327348
0.357261036191
-0.169068781321
0.163243824403
0.0416699752586
0.0352160893951
-0.0381951374476
0.25392263494
0.280686531311
0.199083394502
0.00934563768293
-0.244696880771
-0.252161097768
0.0628760053404
-0.113720552972
0.174824076232
0.0672172725151
0.317520073484
0.19061766971
-0.0909444047057
-0.267110444661
-0.183304025977
0.255441425422
0.268749197418
0.0617441976238
0.25538569382
-0.0522181677147
-0.0741300840028
0.0745043418551
-0.0587934144407
-0.102401358687
-0.112312055465
-0.434019659766
0.0971273471471
0.122056907317
-0.110642412011
-0.527191222524
0.0656229037409
0.433070891966
0.107425925911
0.0109891863946
-0.0430816939584
0.0694999044365
-0.0838439183585
0.168439944308
0.524696294924
0.243622680385
-0.37795194255
-0.0750262670581
-0.171167624322
0.0484671782201
-0.0421927061795
0.0912975673125
0.358623527942
0.198572498668
0.219090883971
0.276254026668
0.381927573155
0.374360305258
0.2929976429
0.140382099022
0.119813362822
-0.145989133471
-0.0790441213971
0.0890225369623
-0.116708199173
-0.376004165271
0.114475304264
-0.109810415955
0.441510381915
0.242152257975
0.209638039016
0.46522977174
0.44940467356
0.281721506906
0.262820022907
0.201440552646
0.00386973671218
0.190698052278
0.365180045005
0.294857120327
0.0705683498632
-0.0259421985828
-0.0519556346103
0.298441743581
0.444430956647
0.405966765314
0.488881625511
0.518097211941
0.332326432465
0.551046442731
0.532707728073
0.193509469085
0.515594673823
0.116104771639
0.395883585899
0.128540763124
0.228007719014
0.146428813225
0.188788793721
0.743415337981
0.54640919857
0.477969724368
0.40359668412
-0.166479698142
0.285100846458
0.286362221332
0.286322801011
0.29867627561
-0.179914693638
0.392273117519
0.194428766419
0.076522916643
0.449632845581
0.343342839004
0.437810685578
0.701359130434
-0.162743532172
0.154349127653
-0.30988065994
0.0781369786098
-0.220742101963
0.283535347121
0.452836703948
-0.0332221905254
0.109881691863
-0.0934491117702
0.565696420736
0.233568251761
0.916813059933
0.446811268109
0.537290423798
0.444096424534
0.00591136579047
-0.0356008604054
-0.323202845849
-0.368466437881
-0.42985726669
-0.33736613649
0.0339906532175
0.309827188384
0.180706777179
-0.0276860623696
0.376350025845
0.645257678512
0.868287114555
0.979536449146
0.612770258085
0.130578662334
0.113316069589
-0.466035649067
-0.0186393072854
-0.319121619119
-0.224709494724
-0.408563249842
-0.181285282172
0.281444916635
0.263046677687
0.444962992753
0.874814464002
0.639550541438
0.677875968714
0.440223087724
0.299660718183
-0.0955703325493
-0.233496376228
-0.448208468699
0.160784332043
0.0756427258183
0.00757196061643
0.0541947540769
-0.750457481305
0.260469295501
0.154008707846
-0.105246420204
0.321719792598
0.19350904762
-0.447744514167
-0.0525741827638
0.0678777606834
0.0478435079979
-0.394596348423
0.183258761582
-0.259845116388
-0.277175223834
-0.355374089642
-0.300443647637
-0.389868832944
-0.144420185946
-0.368439422796
-0.374659320714
-0.518028780425
-0.497259451023
-0.00449599299047
0.171534993141
-0.00455155970964
-0.183856289272
-0.176923653379
0.106486653421
-0.356781559828
-0.22003432532
0.18081047395
-0.177411257617
-0.212464225252
-0.256072213327
-0.0473154387061
-0.411012639435
-0.471378570469
-0.203116024596
-0.239981196115
-0.42708153426
-0.0892324715998
-0.118977866168
-0.136596636901
-0.301648209583
-0.431090236112
-0.0175948445365
0.138685473991
-0.0298854759659
0.0556110619887
-0.259804216713
0.148393525451
0.163305282661
-0.256138976596
-0.409892592402
-0.577272947306
-0.646672885694
-0.44354363266
-0.363755900816
