0.291324838715
0.0748203501657
0.138800693417
0.162116951768
0.164780378191
0.193864972008
0.0327007363751
-0.0202787125587
0.127500947659
0.0820898476178
0.0894572416176
0.118779637271
0.14173563245
0.23964090583
0.364104507231
0.401211988488
0.285028203648
0.100999535625
0.112975532239
0.130528170063
0.159080738584
-0.0657759418014
-0.0728604832508
-0.0782163442525
0.024480697253
0.0962184716113
0.127478313562
0.0728526455568
0.101660365889
0.142589458276
0.165240013225
0.215240686642
0.149674146599
0.0630427080302
0.0371126005303
-0.0690583434222
-0.1290774784
-0.132374606894
-0.1721517562
-0.0125582094812
0.00612469490659
0.0272141003132
0.000765971507541
0.021317436848
0.0357587951901
0.043393467274
0.0833381465765
0.0881029914812
-0.00464465924948
0.0218268435257
-0.262281842746
-0.240394481282
-0.250775839443
-0.263501963578
-0.164809025029
-0.127714699013
-0.0899482972819
-0.0742516071545
-0.0536999791393
-0.0273897487803
0.0878707068766
0.0610959254554
-0.0855645616929
-0.128664694255
-0.173876547587
-0.225321449428
-0.228869888312
-0.27848375928
-0.124220325518
-0.0788324428734
-0.115506567061
-0.157356200566
-0.0681939874429
-0.0204752664966
-0.0617566038186
0.00655263297082
-0.0872848643069
-0.161673678988
-0.169491105151
-0.223755397891
-0.305280855145
-0.223191960935
-0.187056368692
-0.045546779389
0.0334680068017
0.0663181444475
-0.00525809851305
0.0481281165297
0.108924406295
0.129729053493
0.160342830975
0.187748880406
0.0662090513283
-0.171620524555
-0.257535160868
-0.256621903469
-0.200273306685
-0.207308721627
-0.142717053608
-0.0719631950587
-0.0368892836786
0.0354559737088
-0.00187358500343
0.0199642951093
0.068544402479
0.103531727073
0.0761953742931
0.046835749869
-0.0501952098853
-0.15046649606
-0.316155709195
-0.198775756943
-0.0231243393102
0.134746524362
-0.0761460614361
0.0935805462775
0.0932039711557
0.0979390969633
0.148329215795
0.0883681546388
0.0866038764987
0.179835953963
0.183942990959
0.00816751357512
-0.0584193514032
-0.0848699803784
0.0092347581042
-0.0247296451949
-0.0453114198929
0.169380517104
0.16492780968
0.112914937567
0.0977508585804
0.0870684540735
0.0638048267094
0.0119619726885
0.0901984501524
0.108666781927
0.00446797221994
0.0367951554156
-0.0395107575676
0.181903968769
0.146080115047
0.110498507271
0.0443980667727
0.225141690101
0.277888396899
0.24014911754
0.159046591845
0.146733763794
0.122006685864
0.0875896253298
0.122422785465
0.180827591292
0.0317710103695
-0.0154953902096
0.190312055249
0.143874351848
0.19305232062
0.177461361524
0.0941737687144
0.251306172745
0.309791870399
0.248631840219
0.217223157311
0.191314483076
0.153186894854
0.104643637546
0.129587192532
0.0203660955946
0.0799079345776
0.169089042639
0.140408066251
0.117652017894
0.14675750323
0.118845357874
0.0820304483181
0.212618685519
0.294817812384
0.251298545809
0.20212858403
0.0934308485798
0.0873806148043
0.0809822419934
-0.022766472226
-0.00112352838471
-0.0045998416842
0.140514274025
0.149914180003
0.149090175476
0.0923832121233
0.065847083207
0.0479833436541
0.206875628935
0.271370498073
0.241847604719
0.129443773874
0.114746172645
0.096290813662
-0.0307481505033
0.0165901222683
0.0293212606285
0.201683113479
0.153989655488
0.129551183116
0.217197864998
0.15472224617
0.0337488376519
0.0453522952819
0.0825010521543
0.149252044855
0.12690588615
0.13855308355
0.0961655016486
0.00580043720921
0.0180853124959
0.0330687571304
0.145664098005
0.14977327785
0.133886803187
0.0877530418509
0.231290917666
0.129117546944
0.0319625974302
0.0170746804524
0.0532763085304
0.117334869918
0.0732111097802
0.110864741829
0.104487923156
-0.0171962678545
0.0100565022652
0.261822004665
0.269530101651
0.125569667364
0.132646759103
0.092668323371
0.137294136061
0.103390404448
0.0175401822801
0.0446645823561
0.0351358752487
0.0499583459752
0.0798869572681
0.10465882139
0.0883536073363
-0.00859844735886
0.18176404496
0.212737889576
0.167358373573
0.0988082695016
0.0304762118188
0.0514678540818
0.0632892209284
0.0360772462679
0.0300319383802
0.0374770600596
