-0.153857177895
0.0598273681264
0.0724259179151
0.131446118887
0.064468985911
0.0913051486271
0.143864004856
0.183486691508
0.175921601173
0.418190252581
0.359642154152
0.269703740243
0.126869456917
0.0944090820467
-0.156376123596
-0.240669636438
-0.264596051867
0.0673607843817
0.110520482596
0.0959665057487
0.154129267711
0.118605857736
0.11792766367
0.175182915756
0.0971931809314
0.238306815388
0.128429091339
0.134864274135
0.019236116688
-0.153894121399
-0.189757134956
-0.195546363708
-0.243014546809
0.0533337091455
0.0647278948491
0.0794801238074
0.154502132019
0.140652501134
0.181690220248
0.146411746462
0.18838679653
0.127168359643
0.188272170982
-0.00716771769937
-0.165223975653
-0.403700304871
-0.352272867734
-0.276621657832
-0.120031938578
0.0497089725829
0.0535999536743
0.125654815088
0.119834288016
0.0728640927171
0.120402155108
0.24202197764
0.163441897642
0.213872089846
0.119350741712
-0.115138882537
-0.198079882072
-0.378205838081
-0.362769823251
-0.213715463755
-0.0593891893612
0.0038425311258
0.0736120031749
0.0728664323781
0.107691020979
0.0759595282255
0.138496567723
0.15407862934
-0.00909248383038
0.165111828453
0.0818610941203
-0.104916759882
-0.388946076198
-0.431732509691
-0.300250862697
-0.184535492655
-0.0716809808239
0.0457886376581
0.103774541322
0.0753969823121
0.0404766306945
0.170871978899
0.0418642063483
0.140998252237
0.104097341733
0.00322030453109
0.0360666327912
-0.139620296218
-0.37585149738
-0.393562813318
-0.260849011401
-0.17510203474
-0.0374177581816
-0.00867973181466
-0.0297546076186
-0.00598045811319
0.014129087705
0.109029972155
0.0591777466752
0.0239593718014
0.0208539594652
0.0336541912832
-0.211269644035
-0.364627110145
-0.349992814254
-0.365188605034
-0.273277155241
-0.180615021498
-0.0468573610562
-0.0305934135271
0.0222809078703
0.0371360503545
0.0174964612226
0.0494572124875
0.140430648404
0.0237371055991
0.0627687276135
0.0322395376856
-0.263093542231
-0.370620160939
-0.413148497591
-0.396094764542
-0.299643000093
-0.128718134775
0.000168488925737
0.0728962062045
0.0910708179994
0.0847917770639
0.17490897562
0.190984542254
0.0372631991168
0.00514367226354
0.0177379530068
-0.156473830551
-0.202361661924
-0.260141370774
-0.300733444675
-0.297365673196
-0.155414832373
-0.00889928661372
0.0457459657241
0.00712477793782
0.0958147797854
0.0886019544908
0.163794083643
0.0501822700805
0.0110622949017
-0.183884556004
-0.102268342298
-0.115773065371
-0.0520310374241
-0.117733025624
-0.0928130660018
-0.169585936073
-0.0862003480317
-0.00402446517518
0.0906947673048
0.0283360993903
0.0631978688092
0.191332496954
0.0268875091166
0.0316730921291
-0.134763383238
-0.103716825235
-0.193174793202
-0.0822535080621
-0.0226493030732
0.00206242480836
-0.076557317655
-0.154035230861
-0.145701664454
-0.0229667567061
-0.0087198854564
0.037678865139
0.210697618578
0.0841593424839
-0.0103500151484
-0.156546238053
-0.0880962756951
-0.0982338068701
-0.130776325887
-0.0250370518755
0.0491719033904
-0.00763108558496
-0.150670042904
-0.239963440797
-0.148220872107
-0.0718703713052
-0.00625163492277
0.13772921448
0.0887038773977
-0.00710464553407
-0.192961884438
-0.0898393027166
-0.0953893837522
-0.0648472957063
0.0151452136548
0.10542933591
0.0977431885191
-0.00914190571618
-0.0674276714903
-0.208773668158
-0.169092964142
-0.0620567721902
0.0203403935831
0.026919316809
-0.0286973524429
-0.065318403373
-0.0746440494872
-0.00486092146097
-0.0228854515942
0.0284026058636
0.112630061896
0.11129371584
0.0629970513507
-0.00690461379231
-0.0900287542167
-0.207501533423
-0.137484073229
-0.14579020117
-0.113037697663
-0.130996600827
-0.125545573331
-0.224932135136
-0.122756690902
-0.00446293723752
0.0281743481912
0.0495136340788
0.0968459162226
0.0750916889728
0.0968118800404
0.045508929589
-0.0771876656278
-0.0731954055859
-0.190304081336
-0.141718368002
-0.173945380796
-0.0445123337024
-0.0454034960952
-0.138396766426
-0.0313565173705
0.000857005492265
-0.0570991980425
-0.00139123088938
-0.0251757987082
0.0336043467155
0.0637196148348
0.0925150686609
-0.037003285408
-0.0151621917865
-0.097805587869
-0.083565657538
-0.0621701309633
