-0.605968667097
0.845768166452
0.893058767621
0.615544040935
1.07003044237
0.512030169141
0.385828321729
0.596748450434
0.616372276343
0.334524646592
0.340397513403
0.510951719377
1.07137228636
0.920410747815
0.420646111544
0.319236886404
-0.488469935875
0.560279316252
0.548985227648
0.598619824946
0.31204214096
0.171971980575
0.163119575208
0.559457802714
0.834330985921
0.354618018688
0.389708876755
-0.212059042521
0.491467392557
-0.569952943816
-0.235725144479
0.070706793436
0.159176582016
0.495790177908
0.799853076851
0.823120272785
0.533751013967
0.265469543663
0.259865912005
0.27745579437
-0.139083096254
0.517186608958
-0.28883573807
0.379942019191
0.15445084679
0.054601470778
0.219228294083
0.126460825902
0.416347951218
0.246289546819
0.548528923369
0.399834395914
0.425217421831
0.20419975625
0.298919031096
-0.364992585306
-0.23597347055
-0.34131518242
-0.241912961985
-0.122809331515
-0.397646432777
-0.204617815628
-0.371548339015
0.496963886145
-0.0376676644966
0.233081378918
0.256201038642
0.136766227199
-0.0973700525009
0.148430474915
0.000497485345597
-0.0973644863795
0.0584586942191
-0.281434500519
-0.404601832083
-0.407690345009
0.259697236021
0.146129336507
0.0789890403646
-0.149078928719
0.271328754932
0.100093710079
0.0595991213414
0.0454106932099
0.259961580498
-0.304741423076
-0.225881953152
0.16458535774
-0.153072021536
-0.112517916745
0.0290946252411
-0.531800542099
-0.45815584964
-0.539346693718
0.16926351066
-0.682123556902
0.0259073161609
0.250007645205
0.463523897945
0.128373946517
0.013376029398
0.0328146685866
0.151350632612
-0.45452433954
-0.407039461854
-0.541524590376
0.45212460545
0.0268319534808
0.0269187623458
-0.476232851139
0.0903761097508
-0.167225386479
0.523086925874
0.40279144012
0.238728304694
0.254947921748
0.278759504736
-0.0876748252075
0.0143446592707
-0.582096101397
-0.535156282665
-0.262987122842
0.164627943514
-0.35210175698
-0.235606692484
-0.358080577056
-0.213906498348
0.261931500226
0.604031358706
-0.0880846259897
0.409253083883
0.0803949949155
0.134371341009
0.0549867469672
-0.476655699231
-0.127014139801
-0.447653498308
0.141424534741
-0.309706372018
0.0405061818882
-0.296443615805
-0.259615840315
0.0916683895137
0.161953376627
0.351851428149
0.392742053888
0.28650060536
0.884499862841
0.0642888221897
-0.181002971618
-0.0367388979417
-0.457590908443
0.126479274934
0.272148425375
-0.212303807466
0.0817915264046
0.24192274587
-0.084932063948
0.301277285159
0.307624381449
0.725715746067
0.0983176688992
0.783971168512
0.704248656918
0.503475043247
-0.159168257151
-0.16096109187
-0.493695272007
-0.0306727535964
-0.113719384601
-0.0498918654618
0.209349541203
0.0788440285576
0.00570466222038
0.0960481102888
0.513784864131
0.656076941672
0.327370659035
0.308327423106
0.0339993112292
-0.00834141759743
0.582785446174
-0.218843507071
-0.281393014936
-0.13392802408
-0.295242335906
-0.118974664974
0.17535557293
0.396970939925
-0.17743911402
0.167657261401
0.196612845038
0.152148722335
0.922684762516
0.174931575244
0.00777884951079
0.398858465015
-0.0989137372492
0.331306390558
0.0804538920029
-0.0237297321208
-0.0879899327001
-0.0405118628375
0.296499191339
-0.340343775587
-0.361931489174
-0.214221492334
-0.021702354829
0.0695792599592
0.434417596461
-0.0335003694589
-0.148112859443
-0.0537066271366
-0.0667918174795
-0.292994786411
-0.295232482769
0.149146036167
0.0595935503445
-0.249747611956
-0.335472423424
-0.0874531299622
-0.230176232503
-0.344201548727
-0.438081964662
-0.2342449969
0.102636407799
-0.207647179534
0.184059353381
0.559184096268
-0.160699722144
0.163997798003
0.209594812981
0.192389594358
0.0327732287637
0.13490226298
0.0184214003971
0.307298744151
0.119068351374
0.0868867390125
-0.683555992946
-0.329551236333
-0.201137679526
0.367124709681
0.698477725092
0.0484323661613
-0.207045549592
0.142736130123
-0.0894584057352
-0.0717193608728
0.0295818038316
-0.231637229401
-0.209152970248
-0.214084548592
0.0240162304799
-0.108113540167
-0.342256062881
-0.212932610749
