-0.397660761239
0.0203138647428
-0.117639077519
0.153007698408
0.171607464428
0.304730218293
0.121393234743
0.110316069194
0.415519475175
0.40725421054
0.480134847078
0.507154540625
0.470759649727
0.324511473304
0.137169888703
0.00512670858689
-0.286565970523
0.00333062616922
0.131162314065
0.326011685667
0.350370444468
0.0635929048536
0.125070440767
0.07601267988
0.243116504746
0.117709234933
0.237285842399
0.405361086195
0.0175883769857
-0.117439035039
-0.0325347640411
0.426606762059
0.323865612837
0.234614075293
0.311421195047
0.330010850339
0.063861450136
0.168249776011
-0.0445542399599
0.115492217193
-0.0568835791518
-0.00580948924556
-0.22268827061
-0.0913334382451
-0.269222780214
0.0491275195586
0.0982462089485
0.55418669785
0.367915906339
0.239788730641
0.107144609459
-0.051000222589
0.0154490742588
-0.0604967821266
-0.0787004344632
-0.119570523548
-0.0712024899698
0.00829053805488
-0.0874998870795
-0.247503549593
-0.253452803539
-0.035782123618
-0.115234000949
0.329203272893
0.224760892954
0.143172367809
0.239388703377
-0.062052590268
0.225916197181
0.0177466876577
0.0589658948878
0.0948325477274
0.0559899526566
0.099677580551
-0.0728589398976
-0.0548569609639
0.185828951417
-0.0118743016541
-0.0142860444134
0.130723805868
-0.00138493957872
0.107719495608
0.210500489007
0.116211539785
0.255102523277
0.117586181495
0.11285576388
-0.100424228723
-0.0338611037208
0.0760594473406
0.142548356202
0.0636575749399
0.185338435923
-0.159530281855
-0.136209511122
-0.0395045294832
-0.391441732496
-0.00981041814764
-0.144603694448
0.0490565958143
-0.0574078242391
-0.0816361539231
-0.051097714196
-0.104375385497
-0.00351312431274
-0.0108342984775
0.181971272495
0.102590437388
0.276872249152
-0.0216491852795
-0.169889512705
-0.290301410537
-0.210253015334
0.123995615366
-0.371560658525
-0.159514788796
-0.0254305880539
-0.0699778413454
0.243158347189
0.0630423510289
-0.115917441172
-0.17101366152
-0.19017081733
-0.0350407752461
0.1516478697
0.0213173270975
-0.0187056203667
-0.141598183111
-0.161048813159
-0.24130092619
-0.231189458897
-0.125856132947
-0.172299851484
-0.0968664705444
-0.261494306281
-0.0365723237832
0.0653504356468
0.197601088665
-0.30478348437
-0.170186319093
-0.182481340318
-0.0609630636906
-0.116573536912
-0.293044833815
-0.0593405214701
-0.0842198372506
-0.0734833431327
0.239380979163
0.120340206866
0.199720808354
0.211325218595
0.00378388381233
0.0992455672765
-0.12825087726
-0.330169036558
-0.346010990848
-0.00727686620495
-0.0940562779869
-0.0452345624871
-0.186434763759
0.0693871542634
-0.170101533379
-0.00800134870654
0.0521077814564
-0.0319206954654
-0.0173973322719
-0.167412274639
-0.147040537659
-0.232036783898
-0.32345606124
-0.467343240698
-0.0956298876884
-0.0135885740092
-0.06355117257
0.00742506545535
0.0933774166136
0.124643061612
-0.0745418098053
-0.097151908217
-0.0799490926551
-0.0721723171838
-0.205773177285
-0.272758984305
-0.165694834278
-0.331886995751
-0.301160395845
-0.381700196877
-0.127341898627
-0.124090281477
-0.224214436412
-0.0218084993082
0.131468909331
0.0844352404225
0.0458751695457
-0.123883006468
0.0267490492273
0.0741430978551
-0.122741985585
-0.0434494357135
-0.357243187583
-0.272057937055
-0.474483263725
-0.332900358807
-0.216753951543
-0.339531077345
0.056910060602
0.0663488061095
0.206576231183
0.180742670776
0.0330191230061
0.0536209068966
-0.177689572903
-0.164793105464
-0.0295359439417
-0.219004439888
-0.141100926413
-0.208185695884
0.0289490297735
-0.108176650875
-0.0861258712097
-0.0123940850575
0.124992852002
0.11114417731
0.164903004075
0.0553178485554
-0.0851262815066
0.0485148354966
-0.114027622161
0.134846521118
0.0631276720725
-0.00758240046505
0.229876564825
0.263019433415
0.415470942905
0.224280462319
-0.00137803419241
0.117660625566
0.107614547928
-0.131613382272
-0.0431611318822
-0.0842543550538
0.0501689275163
-0.184947846422
-0.154244523466
0.0557718400877
0.135593192656
-0.0780030538869
0.396807133971
0.221568462934
0.182186746926
0.00737566478507
0.0846403871029
-0.0377141335874
0.0724983047556
-0.31493113211
0.0184447250921
-0.025872771835
