1.10669468904
0.134650930987
0.563491928983
0.313624585619
0.0198919132233
0.291973941089
0.0514617254008
0.272011949609
0.136762617574
-0.209030939536
-0.168122449854
-0.215615372045
-0.402909148284
0.221859537219
0.544598956084
0.510852845265
0.787383175911
0.491493949294
0.279905581848
-0.129658286066
0.0646298088933
0.178260766431
0.0829447609815
0.337971412901
-0.223145097693
0.194032050395
0.115266091205
-0.66544045583
0.11101826449
0.51198382036
0.287700701114
-0.400052981284
-0.393946095399
0.306433825777
-0.403470567958
-0.745826690764
0.105282809938
-0.101369526526
-0.109487596403
-0.218755718992
-0.0419158849439
-0.303447802211
0.183253061819
-0.253112507307
-0.122093310573
-0.661040493738
-0.0833478707943
-0.78554829754
-0.354504637942
-0.0194856648889
-0.365373820076
-0.148810083571
-0.195252993281
-0.432900314825
-0.12283649085
0.0449919736793
-0.030519678612
-0.306085331412
0.00662827153107
0.0464951548012
0.0363830193698
-0.363776632248
-0.256550593785
-0.608246206909
-0.305989731969
-0.374496818494
0.060158436319
-0.153226824847
-0.471642445536
-0.103732193395
-0.467050022635
-0.530530253449
-0.256425248918
-0.449813912441
-0.346528036519
-0.401762935312
-0.803799238235
-0.500207781168
-0.33105449892
-0.688915471579
-0.520169401472
-0.305374251474
-0.264214994344
-0.585391307774
-0.273975515838
-0.12821904817
-0.358979901577
0.0604856687074
0.159277579843
0.00587064116125
-0.137641950706
0.19692242006
-0.368837419767
-0.08332651514
-0.0647020280893
-0.706194021024
-0.0024569976629
-0.347421000614
-0.385044373536
-0.523943242827
-0.0280324764483
0.100007664435
-0.176828167323
-0.0753773368534
0.0191781024191
-0.0275210794895
-0.27420729023
-0.319815649321
-0.45388900258
-0.374913443601
-0.441543427201
-0.0241393819451
-0.188592102318
-0.00975597155485
0.107225347737
-0.106922885561
0.0455363503852
0.134205556228
-0.145892504236
-0.136555197722
0.0566471031344
0.129314406051
0.0371408663296
0.108813968609
-0.451469654864
0.0449922765126
-0.332636936307
-0.176187446411
0.120793476141
0.716140004973
0.413096741326
0.0515539527328
0.0964948595435
0.0898094281431
0.312911833903
0.0887393097223
-0.0515346960693
-0.413725804506
0.450417291234
0.299634204512
0.111539219985
0.247553492476
-0.178427372452
0.578934198106
0.110955258653
0.351022362478
0.439373312766
-0.161494121987
0.178471334799
-0.184643969213
-0.259072343223
0.168214708605
-0.00924200906154
0.305694973233
0.126475015798
0.488882018203
0.316833708416
0.268724581831
0.201864782919
0.744454219735
0.176191593765
0.753444778248
0.649709664571
0.486571978436
0.525928620553
0.407196580865
0.527584496257
0.445890119763
0.398397679859
0.358371228858
0.429089081393
0.0813215575892
-0.167181811218
-0.0533056376686
-0.229814357637
0.202070869496
0.0904904583659
0.69575877603
0.953624094316
0.622298299773
0.602551096113
0.829810830515
0.796924220494
0.408106584977
0.456724353005
0.247396764915
0.222714198662
0.417130911655
0.482990166247
0.682242816523
0.0216630839469
0.0631340627845
0.586601930334
0.335787107009
0.757239264953
0.181862881158
0.29756957586
0.858736778371
0.286316994731
0.718800323067
0.479574500937
0.713381930932
0.499156020749
0.430373844477
0.856711011328
-0.0129364631881
0.524596885988
-0.270074223588
-0.147815342807
-0.0832230654537
0.0407838984772
0.2805635649
0.121026709453
0.0687858410708
-0.0385667174019
-0.0448132179156
-0.0744028429398
-0.0647509562698
0.157175771946
-0.0520594713111
-0.305607974592
0.823337969529
0.262616827083
0.0145666556873
-0.303824539684
-0.394847202321
-0.00729873578304
0.41266914401
-0.130687031742
0.263743325153
0.00704160518771
-0.338959090903
0.481121826807
0.204190469225
0.171998776992
0.376574384144
-0.178911325049
0.340076783646
0.425481895721
-0.225225346076
0.0982721931073
-0.475923814062
0.156168498934
0.0237847180988
0.157012901867
0.171492033374
0.564561474112
-0.0463816184645
0.486907427191
0.0115279903283
0.0626254497185
-0.0109207579581
-0.175399976236
-0.332389757808
0.259682305938
-0.210882130116
-0.00515102019135
