-0.137796142482
0.0850274240932
0.000512925314462
0.0971688557802
0.193001525703
0.0638862451231
0.0737876308217
0.079429665165
0.304305039396
0.105297089335
0.110498767592
0.232783497745
0.264759499446
0.219840068402
0.0404840725854
-0.00439843349267
-0.199810002209
0.0554888733974
0.0609388614187
0.0763848230118
0.0294005851273
0.00879607832558
-0.121599023708
-0.0587986551102
-0.23119422556
-0.207067489409
-0.102754220455
-0.219741408832
-0.104348371549
-0.043048078087
0.125196740381
0.264313950745
-0.0271236992291
-0.0356610194298
0.034804785437
-0.125329745097
0.000432422166284
-0.0334739944844
-0.1395540968
-0.302282479685
-0.261554074358
-0.226103266873
-0.0955244531649
-0.0334420331311
-0.0507171527256
-0.0555541749816
-0.0907755811552
0.0056821143713
0.063706965235
-0.133789972529
-0.127036851721
0.0145842425769
-0.119636952538
-0.199246955648
-0.157658327463
-0.317508441222
-0.0598861765608
0.0326270094371
-0.0609663634536
-0.0615957167093
-0.117808794552
-0.195376192591
-0.125333109677
0.118229706959
-0.116319064424
0.0304503350384
-0.0105477178892
-0.189502861717
-0.0674203744914
-0.130598582648
-0.0105499373552
-0.143082428987
-0.110258658942
0.0266783963108
-0.112827309824
-0.144530310097
-0.0196664421726
-0.098015389989
-0.0913266543464
0.107329140676
-0.0665923396736
-0.182665961344
-0.217092679296
-0.0441215137449
-0.0536530746296
0.00153960881722
0.0294729848511
0.206557973485
-0.00646281511939
-0.191631643058
-0.128117163511
-0.114145588534
0.0221783678782
0.00379115884035
-0.0853872718894
-0.0482714379973
-0.0659099684
-0.130553723327
-0.131163804465
0.0309416382836
0.0557612427243
0.243949250334
0.21495398998
0.134926556124
0.0604887336961
0.0772360673621
-0.147127187589
0.0592904093838
0.165286453979
0.119778520103
-0.0619237822786
-0.0495577886238
-0.0726448416103
-0.0729582077081
0.0240100839203
0.0102894765905
0.053576465822
-0.0962685459853
-0.0510254357883
0.099031960147
-0.00649637934809
0.0640966290258
0.0613820325925
-0.13283729162
-0.0512264686023
0.0854379923089
-0.133303059791
-0.189702829609
-0.0405496267587
-0.158998721895
-0.210925704745
-0.0567891193865
-0.187515621746
-0.0993256674317
-0.200816187396
-0.00451063959602
0.0564362916742
0.102327454882
0.153806477744
0.0226536277414
-0.0193073986303
-0.00179400035908
0.1313810915
0.000524182115627
-0.128022188548
-0.21399500959
-0.263005545651
-0.223898785263
-0.2443380409
-0.162639154386
-0.0760878135758
0.0219024629924
0.0541107150243
-0.0650430684013
-0.198556782527
-0.22251248519
0.136772027106
-0.0866496235987
0.335025857248
0.289308839083
0.222705354952
-0.249427569459
-0.368504541602
-0.256734905365
-0.131779586318
-0.230210698917
-0.129206206954
-0.252931904219
-0.220913925239
-0.190159617632
-0.169101385836
0.0790012365108
0.11557135579
-0.0586036265864
0.175732053446
0.26702512694
0.218330946965
-0.185491120731
-0.299916977633
-0.219539173248
-0.17275179601
-0.154369850941
-0.161460026463
-0.197640073416
-0.307541145479
-0.26637046245
-0.126712519369
-0.0301753681773
-0.109301194425
0.0325649186486
0.119046546566
0.331786550613
0.274153427395
-0.115547112569
-0.233743880371
-0.228563793908
-0.239607737733
-0.219940450472
-0.0494917487616
-0.0194616145577
-0.0081926738477
-0.00448905970492
-0.0272833771808
-0.214051564791
-0.00121703090251
-0.0756554498451
0.257927105946
0.25908288869
0.241594898444
-0.00345209894997
-0.115067979867
-0.0772183208761
-0.0779514861265
-0.0228403507354
0.00956401058409
-0.0318238098346
0.10454264734
-0.224881844038
-0.0931423213267
-0.0922819034438
-0.0470141599844
0.0228697827553
0.0734648451566
0.181490391655
0.195955474578
0.103833875444
-0.115975680427
-0.103412786834
0.211137558585
0.149662408446
0.142344158019
-0.190749860259
0.15800978999
0.0879673128154
0.114387727265
0.216402895606
0.116592014139
0.00656341223608
-0.00295552800527
-0.189093340694
-0.149964552352
0.16927575485
0.215292163668
0.237341936854
0.0955746050934
-0.00915151755701
-0.0223622148062
0.0407195495793
0.0617310125703
0.00136026366329
0.0859866718445
-0.0355578861281
0.106211124874
0.02816136523
-0.108144612703
-0.0948585072897
-0.049394642803
