0.308766740669
-0.039186988448
-0.0441337824708
-0.0574270935575
-0.0164421640492
0.0194917639266
0.0492280069864
0.0355704474314
0.00755332548267
0.0759711770719
0.155195529695
0.163654301907
0.211243584445
0.167677804794
0.186340208263
0.219019517902
0.180097777491
-0.0763803356611
0.00338385102194
0.0980410329659
0.0967456245253
0.0781943970882
0.089120742545
0.0824834032137
0.0924430389035
0.0718452881209
0.0496833408103
0.173142979807
0.151525257015
0.0881460401794
0.0485735151577
0.0310719530608
0.0700980494731
0.128081459884
0.220461163559
0.230746105309
0.158299331272
0.141774551806
0.166991124796
0.123519590978
0.11477214478
0.0901254198548
0.047047744707
0.0912763570586
0.0955727878358
0.0760462553005
-0.000399600524632
0.0333317617179
0.0167854190931
0.214166994433
0.307627949711
0.212345024785
0.190230195756
0.178413465499
0.157539451444
0.124445675277
0.0342145609532
-0.0116946785718
0.00438940199906
0.0151332070008
0.0821031568002
0.0561250490321
0.0421729845083
0.00315561027804
0.00529422990217
0.231464447315
0.297688261865
0.26024626483
0.213719176121
0.177542367924
0.117777080318
0.0734823512323
0.0038053412607
-0.0256856679787
0.022901911375
0.0604139180713
0.0748886913262
0.0890076196137
0.0615984609957
0.0649351512308
0.0725579244184
0.233249611954
0.274558347759
0.232007649459
0.200933772415
0.141604567633
0.108381759626
0.000669766651438
-0.014988390906
0.0281388586648
0.0607870272902
0.0967955167829
0.122061174615
0.122235115442
0.105150726374
0.114697456591
0.0672342480086
0.177849494401
0.186622052815
0.142515420091
0.127408994021
0.0875001328661
0.0781457157335
0.043712776745
0.059850864943
0.0333042615147
0.100321207968
0.079308828639
0.131251338076
0.128613879596
0.167691557226
0.132043595526
0.0721354007204
0.122976418556
0.107800038985
0.0973703364291
0.07119288075
0.0785007940717
0.0987282819994
0.076916710076
0.0522863024412
0.0717682241736
0.0792702727341
0.144289395461
0.0744833506815
0.0834523014659
0.137556563674
0.143357328455
0.0542573094721
0.128835421386
0.166689906698
0.141953385338
0.123623450486
0.103270729284
0.118024357291
0.100063070829
0.0444663440021
0.0513852084372
0.0429144074167
0.0593690974167
0.0255586663275
0.0206609231116
0.0350507237282
0.038924160239
0.0722115717878
0.168529511545
0.229090753515
0.204760738863
0.201179872036
0.209019932576
0.18911917534
0.138313258334
0.137589664048
0.0898121184013
0.0749782448366
0.0881134998552
0.0289378885279
0.0182068695119
0.00119959482152
-0.0463441525328
0.00501617448814
0.197364249141
0.244074706056
0.20223025392
0.180781949482
0.18161336513
0.166599634103
0.173832050522
0.168395638876
0.139882330389
0.11651690935
0.0555117538158
0.0134407909826
0.0298887387606
-0.0149150572032
-0.0628446424627
-0.036324369165
0.174436588343
0.227085239117
0.1839864538
0.15227296277
0.128736284927
0.145590513254
0.16296563469
0.129175726583
0.107387704569
0.104036511847
0.0794411109043
0.0297099854433
0.0154628731868
0.00867611988587
-0.0709176216364
-0.105327965111
0.106573168526
0.152126622531
0.136960737732
0.147893254822
0.136369854322
0.112881939553
0.128074065027
0.0991574571321
0.0957552042682
0.0721400369289
0.0570101286037
0.0137458960236
0.0313015402893
-0.0254066521011
-0.0184858790543
-0.0225423912826
0.0864067907085
0.167102242063
0.167949333544
0.114926438606
0.096190026774
0.0641790832432
0.10914822796
0.0609981213136
0.0893922601269
0.0544489607356
0.0943432792981
0.0885141581558
0.0578713016686
0.0694937095202
0.0498995552828
0.0429675733718
0.0397019041496
0.113585516846
0.121254762779
0.105759505101
0.114240544969
0.117144894528
0.118219852496
0.091248406629
0.121474396633
0.121667947488
0.128460694509
0.0987447235161
0.107942353243
0.0950575267191
0.146974605922
0.127626216338
-0.0245439967654
0.0168890235274
-0.0116806063387
0.00911428602775
0.137629435483
0.141092721017
0.136086730911
0.0989859670189
0.10587335216
0.155561140276
0.0698064220943
0.0510078085823
0.0706778224813
0.104658519059
0.104480167816
0.0465982685975
