0.202751999496
0.0318491639809
0.0370339806866
0.0534617929458
0.0628159318878
0.0404254496224
0.0791714157587
0.145435993604
0.154892260743
0.173039928047
0.174324471188
0.198317020929
0.17292504033
0.161996560508
0.142229169452
0.119092940267
0.100115500544
0.0246394794386
0.0484472428738
0.0718975687931
0.0333910141578
0.0492477248074
0.0666789933055
0.100973875455
0.0997126413227
0.117559542288
0.127616791902
0.122765472268
0.12718250597
0.0957841102875
0.0968443985824
0.0773085053308
0.0381159778397
0.0472168369317
0.0168911287063
0.0291762563254
0.0308542726927
0.0402409625126
0.0709232289438
0.065215905505
0.0897097582855
0.0628227806603
0.0557692191651
0.0586909775098
0.0708005829898
0.0830647751415
0.0913001656252
0.0939376706409
0.0515987623673
0.00975315948299
0.034914694289
0.0220116189731
0.0341201471915
0.0908044782524
0.055295110342
0.0565001381414
0.0570033835261
0.0382272477086
0.0438193620532
0.0514657564917
0.0614832091135
0.0745630943928
0.0847645390352
0.0861838652548
0.0485196738535
0.0166528508679
0.0388930499218
0.0399460122076
0.0703337412426
0.0750199089837
0.0628656828637
0.061782731278
0.0553543391874
0.0494194463159
0.0614858103907
0.0712638862035
0.0760483163158
0.0817927925065
0.0788827435802
0.073779808545
0.0375903446291
-0.00310528720384
0.0387659883595
0.0834443352212
0.0763439935943
0.0735565017672
0.0589337197562
0.057274377266
0.0602151333276
0.076550658655
0.0821186601057
0.0653756966776
0.0598831737008
0.0627100305848
0.070944490361
0.0678933916446
0.0304283257665
0.00175021751296
0.0507794105734
0.107335219483
0.0834702036153
0.079565648446
0.0782109826251
0.0669996202956
0.0628487538285
0.0901046898526
0.0879061455832
0.0844365348782
0.0592723300742
0.0387931122392
0.0505308154882
0.0580330446207
0.0313232395406
0.029303520726
0.0474073498935
0.0441392876311
0.0234237051622
0.0752935891039
0.0812202512414
0.0754561751128
0.0809740346599
0.0812458670326
0.0926983568219
0.0788108724996
0.0575581383685
0.0335790329411
0.0347189119268
0.0479664914649
0.0455403084046
0.0862760622599
0.0693566990392
0.040899139097
0.03213939191
0.0438731885083
0.0517002109772
0.0456876056164
0.0552140995048
0.0412081443098
0.0428518530441
0.0425852331801
0.0137912875743
-0.00299827724793
-0.00986630295758
0.0158336583012
-0.00723321407074
0.0909496860683
0.110427177239
0.0690184032672
0.0608875698121
0.0747027959166
0.0945146998219
0.0845078612988
0.0719925436836
0.0887276221541
0.0814827872409
0.0768509646424
0.0676403568071
0.0677861004987
0.014795358302
0.0289762542404
-0.0116228371945
0.0942022763347
0.0980434257876
0.0716160977348
0.0835987472333
0.0847935642932
0.0709637367833
0.0680994405567
0.0906013382421
0.0731106570019
0.0651096425826
0.047896649208
0.0250743680204
0.0364575754138
0.0370621811869
0.0252867674024
0.0383754558029
0.103155277617
0.124455652612
0.0911466124526
0.0678150890156
0.0790835110388
0.0559578095547
0.0593222817795
0.0690989738681
0.0737163807689
0.0428352319575
0.00577981969582
-0.00154963616714
0.0260890602537
0.0895218813417
0.0774409963353
0.0317089652451
0.0812627442074
0.111535981579
0.0896700767279
0.0686385359172
0.0759817233003
0.0634237265173
0.06323186727
0.0658208421911
0.0641276990326
0.0521793250264
0.00513820473317
0.0173463248911
0.0255547311386
0.0779754252299
0.0725327077211
0.0427112721751
0.061789241677
0.090612349976
0.0973404695841
0.098973792948
0.0981325925132
0.0895517647773
0.0704926078766
0.0877349828378
0.0869381359722
0.0603729674281
0.0196368687713
0.0332800209659
0.0857135589469
0.0697770791436
0.0554385941942
0.0304364300598
0.0440655874305
0.0892705270864
0.109780835134
0.140469433745
0.150048025601
0.126952839102
0.151188984245
0.143343890116
0.137632186259
0.136456491386
0.086969720962
0.0603937262443
0.0931646733629
0.0576403528162
0.0447368203452
0.0310988877104
0.0325294685626
0.0392483217464
0.0466715887358
0.0680742825637
0.0799695929781
0.115336543755
0.119044270695
0.100918489175
0.0989190802878
0.0860361356056
0.0629604275248
-0.00206130069079
0.0387683162383
0.0281446599792
0.0261529163203
0.00491575328807
