0.260102233194
0.0494360445571
0.0583548731744
0.0397867017679
0.0916370311001
0.0926074045224
0.100573585726
0.123271393325
0.168712628219
0.120124035556
0.0954480939032
0.0576048337597
-0.0157937301169
-0.0607266807832
-0.0570633109492
-0.149842014133
-0.198108069941
0.0483580890939
0.0362723916086
0.0515899884644
0.0349933316798
0.0466449235729
0.0777393888782
0.0531726813453
0.0182469816477
0.0340840123898
0.0544764810655
0.0879601880593
0.0636748813312
0.103297765122
0.158329593975
0.216881569693
0.123247104337
-0.0147773982418
0.00710535208336
0.0169427774676
0.0460465662588
0.0597924215848
0.0651747662265
0.100166419261
0.0861309786056
0.106718389319
0.0860725029233
0.150989649754
0.173313775352
0.211951388358
0.220209375962
0.276245316506
0.187036271789
-0.0281364455512
-0.0646258779514
0.0335370167968
0.0232102107944
0.0447505654626
0.102946469188
0.118671481348
0.144458311825
0.171173970094
0.185978867903
0.225505300847
0.249935688739
0.242135285657
0.284919309146
0.319603459291
0.206838922179
-0.049160465735
-0.0713308723514
-0.00120220446801
0.0598057975303
0.0375290556165
0.101885340689
0.156900844632
0.155998264803
0.172340950441
0.212174593064
0.232216683532
0.231720190116
0.233330719128
0.277056870889
0.293483316478
0.171601769884
-0.0495909616387
-0.0545162030359
0.0794838399978
0.029003028013
0.00430898798776
0.0442245299917
0.0959585436911
0.125921014335
0.180460986434
0.154138693158
0.14633370611
0.150303125684
0.155940294816
0.206620581676
0.228757337637
0.140352505216
0.0182616783615
0.0375300767646
0.0722085171761
0.0441896391669
0.0445558086464
0.0600525155507
0.112181886366
0.124676534571
0.178049192135
0.164197359329
0.170625517773
0.106489818714
0.104730469487
0.0839862226617
0.15755491526
0.139147033956
0.0342903039872
0.106732908973
0.0721433559622
0.0514023363896
0.11252728988
0.126360800923
0.130161907918
0.152430418124
0.154881517624
0.121976451542
0.119906817326
0.131887816754
0.14332976092
0.0520233125704
0.101098609583
0.110591987005
0.13107311777
0.162268695932
0.0960800403063
0.0875326532662
0.0993059604171
0.126098363469
0.171197127778
0.174508114189
0.177927630594
0.171102613473
0.129481148855
0.135658593946
0.133258396104
0.127704599741
0.124442137931
0.0289287400048
0.237078014146
0.254170737565
0.179334449935
0.134344194319
0.115280809842
0.11896952452
0.137761938869
0.146977964438
0.130378858806
0.119761494906
0.10817907573
0.0939469317855
0.147170692366
0.182031244734
0.0877776900344
0.0170751346718
0.274509717004
0.307395857622
0.21549189181
0.166430529315
0.140105755258
0.14581029128
0.135158529841
0.106965726463
0.100810451927
0.0948001206344
0.0894296022203
0.0420047982775
0.10731968017
0.180522253453
0.0866953499083
0.00444147285409
0.241660900683
0.290377828029
0.226042456122
0.182821491822
0.14174295864
0.123589913645
0.105116560029
0.0996281310551
0.0786616834232
0.0864947798657
0.0545178303899
0.00105933682866
0.0771516602192
0.0992448274672
0.0655994907404
0.00528207698448
0.161245231993
0.207132140945
0.203295717442
0.153293636516
0.112944480693
0.0927448899649
0.0702041540177
0.0608099385692
0.0376023978373
0.0515973999611
0.0535692577502
0.0523483095945
0.0903733783466
0.106798899122
0.0714865954615
0.0170990696841
0.076781705363
0.101351946407
0.107179830325
0.0878681773079
0.075868999544
0.0285721494203
0.0357753996776
0.05355317995
0.0939570428802
0.0980600053407
0.117447251391
0.147684183009
0.0916959612627
0.119367132909
0.113452783163
0.061198366234
0.0259385902738
0.0173342562389
0.0534121656999
0.0653384160515
0.0707838820839
0.148801341051
0.164805318999
0.189256486982
0.193074458056
0.162510914242
0.136416067424
0.146127200888
0.145135694289
0.135142239475
0.110975426524
0.0465508537925
0.0122150075885
-0.0115941596713
0.00645642362647
0.0618030802889
0.0550346207832
0.119383436349
0.113152861142
0.0907261970548
0.0890598863747
0.0655300095048
0.0635811682057
0.0492333945173
0.0658356714704
0.0568336985421
0.0389733711402
0.0295964251761
