-0.135244853313
-0.184099390952
0.0152155447873
-0.177461829177
0.173807960079
0.100295219479
-0.313418045412
-0.499152923159
0.196173796693
-0.245877843696
-0.213459951686
-0.20759390618
-0.336041987427
-0.776970373735
-0.569667809301
-0.857666694761
-0.941250956799
0.207137627356
0.0733316374034
-0.156732463285
-0.138965070649
-0.0204433257076
0.122525206568
-0.0112083051985
-0.497821546574
-0.365890616644
-0.318353220548
-0.18749378304
-0.36786602639
-0.150455155291
-0.0281448253485
0.447393392954
0.287854534734
-0.53572191601
0.112115959281
0.155476250231
-0.0901866006011
-0.139461365018
0.0658856890049
0.424288746222
-0.134940844443
0.210676436976
-0.309806372193
0.140980050845
0.106507329413
0.213882142348
0.169253540401
0.194557658107
0.156475559287
-0.155208102807
-0.723631776482
0.0421730065678
-0.140911447141
-0.395518630084
0.10425635753
0.290331187539
0.338825483865
0.494588547493
0.626961945295
0.6983230571
0.938816683968
0.560027064153
0.73144007336
0.808771639878
0.614042661923
-0.231909011719
-0.775161257339
-0.20000755895
-0.100130742905
-0.162356160012
0.232082716276
0.323398720244
0.208032865949
0.357619463647
0.326512774929
0.364108855701
0.446908895262
0.400805291483
0.801596667277
0.942502697179
0.566922431656
-0.135127378296
-0.51381802292
0.026546917512
-0.015478207052
-0.231690439473
0.0349212630706
0.330828563374
0.200393826548
0.187587805238
0.115495552255
0.36745456041
0.188320179556
0.054077084451
0.219567826308
0.64642817722
0.598722339507
0.162854083148
-0.0423946710278
-0.0976254931459
0.00644432551136
-0.18284705028
-0.0731123892971
0.136518129713
0.103237611213
-0.0380036404212
0.144231093858
0.209446199948
0.101553318364
0.371404972838
-0.300798535463
0.102149869399
0.645295245497
-0.156145161455
0.0767572965948
-0.0871297378129
-0.259268460873
-0.190994928669
0.0573831745909
0.136897533096
-0.0379845946276
0.109171944562
-0.118569797924
0.152917478865
0.182833881114
0.576023763389
-0.0854505734714
-0.107852592037
0.0644824303656
0.105693839774
0.0723268610714
-0.257153003673
-0.0457277408088
0.027886035359
0.213164828786
0.459981543171
0.184071978467
0.478864577071
0.423723384439
-0.0588060197363
0.356773989041
0.418698137279
0.525618971816
0.23901381565
0.12997642253
0.883225159537
0.487628760639
0.599249265576
0.139690801354
0.0319078879683
-0.0761100269029
0.106175395016
0.264719642326
0.24314329842
0.284513454223
0.271051444041
0.164296028445
0.260092886092
0.394358555662
-0.276191574277
-0.10113799416
0.846497681445
1.22533203049
0.92788290463
0.0766590563886
0.0550425183079
0.306425886977
0.175117954791
-0.106176003808
0.367626271647
0.258924649486
0.170122386353
-0.0960623782279
0.0846500023501
0.358857336983
0.116708049996
-0.311768563025
0.251560823858
0.474535184876
0.540245957222
0.646812856584
-0.0583317154672
0.281908276246
0.331068105934
0.310623889626
0.200893887304
0.0637115605947
-0.153132300768
-0.147814773157
-0.0335565699615
-0.196372782013
-0.227825515197
-0.286333173081
0.27877548301
-0.04595764047
0.178226499156
0.400267544
-0.104306334912
0.346158598914
0.279943777169
-0.124264928958
-0.0209312582896
-0.143032529842
0.0956690537709
0.0343391586215
0.064362372309
-0.0213562855939
-0.165009875279
-0.166865997025
-0.0334483153968
-0.0967468462575
-0.0623039594662
-0.111264538782
-0.17440495592
-0.417290851293
-0.140968089911
-0.172206466411
-0.361460173673
0.103077539142
0.341833297278
0.344081467957
-0.188065774436
0.314769332963
0.339464092407
0.0522547333319
0.214751186963
-0.493163998472
-0.127653928703
-0.0590438586238
-0.370235151527
0.396089597732
0.0606165464128
0.212871376389
0.0897565722207
0.0812305254955
0.14641656862
0.144129879681
0.014682512052
0.339421997371
0.187487088291
-0.0812529083311
-0.140054151231
0.0266343459367
-0.20580874505
0.114489730573
0.213344955656
-0.0936143457513
-0.22657302722
0.0136328796137
0.116219327609
-0.276035799325
-0.246741196929
0.101456730692
-0.0736013057404
-0.113020114959
-0.11337857233
0.0977741843888
