-0.255942637959
-0.0766186736688
-0.147765427416
-0.228546019608
-0.0466079578722
0.095028102318
0.254297041238
0.0217190250411
0.115102344577
0.348083690521
0.222088313502
0.297307528383
0.210087377587
0.174709512843
0.220996679482
-0.117218946248
0.163432563335
0.033132399776
0.119884086429
0.0763874951634
0.0442644950568
0.0442298531371
-0.131690421999
0.00147534789096
0.149077903091
0.326357342076
0.442848633485
0.36719719085
0.152020686684
0.0957588929984
-0.189284848852
-0.131078606975
0.161506943871
0.0912976018632
0.144276512002
0.0636334312525
0.12475957774
0.0505916213151
0.0857036449919
0.296731033785
0.221114391297
0.477622066108
0.332011228978
0.186980545105
-0.329946482951
-0.17587008941
-0.0381638481329
0.165043298096
0.0559002533527
-0.0840968710305
0.108200270463
0.133272826993
0.141116515124
0.34687021178
0.56965638542
0.477384303089
0.403843220227
0.384455643536
0.151819287482
-0.219992560989
-0.313699199118
-0.415366004673
0.03348491396
-0.142048854797
-0.209121116983
-0.137188838162
0.274332944457
0.144525224137
0.165118575834
0.367498529637
0.615180284848
0.366427109605
0.302456075109
0.0840569949418
0.00323621853837
-0.394941372027
-0.241456632559
-0.033106395647
-0.15417056805
-0.186938124638
-0.00462899405078
-0.12237869587
-0.0969730786391
0.241436596447
0.249749227158
0.290594319753
0.17261399019
0.286041072154
0.181668377519
-0.132593860455
-0.0600204614754
0.0745244743063
0.0665516248465
-0.153004623782
-0.0964182981852
-0.224078455827
0.0614804896058
0.0551543363669
-0.100573071033
0.133833779072
0.228452862235
0.362433510804
0.46171404154
0.1482295976
0.190637127011
0.139391345344
0.071726767709
0.545620918112
-0.0427083993477
-0.148271378554
-0.101562908556
0.142111105584
-0.00222989443877
0.0747427897222
0.201589712661
0.514549162373
0.430118054591
0.256615791074
0.122809725812
0.0722396764085
0.221682907387
0.422567838972
0.314609274493
0.0431271335285
0.0450272096092
0.192324423609
0.172397732603
0.0519788671326
-0.0448623983625
0.00169370383144
0.468915293429
0.522070651241
0.421651564932
0.421477387723
0.162440877897
0.314917242855
0.273326995806
0.440638936788
0.276330271835
0.18522320194
0.120635581348
0.260770965548
0.260645704768
0.256888884553
0.130810467492
0.55215437009
0.441173348292
0.198293761522
0.535622481344
0.258302870944
0.255937528401
-0.0897124952774
0.0515887843902
0.218834007294
0.370842181163
0.430287971355
0.407784531644
0.390656467258
0.305955489647
0.357319988024
0.270901154692
0.244534669945
0.41452503024
0.208928169657
0.420983327464
0.322197096075
0.178409887373
0.533274355904
0.414524670274
0.379235910051
0.416991716778
0.332401834884
0.511823695293
0.398952652336
0.487964250686
0.459019134069
0.261309275905
0.411585390534
0.507040573919
0.306308459095
0.594637113606
0.213219525564
0.130337832557
0.156139206121
0.157463301385
0.286333007457
0.382325018328
0.456047212085
0.260718410272
0.528059851752
0.200573245406
0.241271178707
0.0798422937918
0.310648518223
0.393774964528
0.233678060329
0.321175584348
0.442163711528
0.198225821226
0.134315003843
0.258240698241
0.377002997352
0.319757007302
0.0698973427044
0.212328722921
0.161932390282
0.14537083652
0.318759986023
0.258003595734
0.109311189615
0.319125996427
0.0374530485346
0.151134772454
0.164289887291
0.372200079437
0.357418901808
0.441624336718
0.171194504248
0.419812581922
0.0623813244609
0.135850484328
0.331528735165
0.112369977429
0.232820152896
0.200444665278
-0.0813988453392
-0.105437056062
0.249410625371
0.23929422505
0.205939336909
0.216766328235
0.207558943524
0.161283723275
0.219107958243
0.113633600262
0.330869321324
0.161731944511
-0.144349294281
-0.0144330292566
-0.14554382019
-0.0852111719511
-0.0527329212164
-0.133170122888
-0.00457595772733
0.224890660694
0.476997573402
0.328669772775
0.312689873175
0.119817186882
0.286227608521
0.0761044589424
0.0439875180995
0.0759675125672
-0.143426249001
-0.22424597413
-0.231189551326
-0.14293217778
