2.06667112221
0.420686064047
0.194998075751
0.352505911124
-0.00943314845277
-0.143773141408
-0.510880966898
0.0559197530315
-0.168204940178
-0.564794739409
-0.28275673642
-0.300152819425
-0.32886022101
-0.359131401144
-0.162012269457
0.495194823642
0.35985559806
0.0785829003386
-0.549159017771
0.337497549772
-0.298544841481
0.0165724513159
-0.138187898023
-0.226160598891
0.1941729777
-0.211040924007
-0.373670465797
-0.166800574957
-0.177495923566
-0.101694490062
0.348849480131
-0.0873524526793
-0.757325881594
-0.0250185980228
-0.418277297481
-0.172687414575
-0.246639427201
0.0597924186428
-0.227986807759
0.201334909071
0.0367407275346
0.164127673952
0.458418672827
-0.0684954870962
-0.174097347172
-0.40257966205
-0.128025133323
-0.867403651055
-0.797860286621
-0.284975663513
-0.50394314686
-0.338826915011
0.0764398139254
-0.451688675647
-0.111499427236
0.0960735397945
0.127660034872
-0.0603015679734
0.386723049407
0.458872045668
-0.271505051669
-0.345330460939
-0.509650339647
-0.265372541082
0.00440311318831
-0.133662963996
-0.761003817244
-0.256391258886
0.00402883089455
-0.0502570508259
-0.0108014397607
-0.165904934288
-0.287662920376
-0.0995042660191
-0.193131694318
0.0749793223953
-0.0468019608853
-0.626060966267
0.00408942195566
-0.0666942303485
-0.633927789088
0.286004060939
0.294458237191
-0.400371152969
-0.0471513537494
-0.189635259952
-0.146473734477
-0.604860648178
-0.362565014294
-0.750205275759
-0.150956453835
-0.388865649652
-0.102725899259
-0.379048336099
-0.0471807328249
0.0230664626333
-0.101636436544
0.300826507787
0.16832625041
-0.0283315753442
0.144070329052
-0.267894129238
-0.745712094346
-0.705737482699
-0.0906027598418
-0.366386844682
-0.297622027852
-0.583008831494
-0.225801490036
-0.0371926650913
-0.415606956661
-0.159014058235
0.20433074427
0.233622981105
0.0179704183159
-0.0340187991332
-0.375780527456
-0.20007505689
-0.588963876539
-0.24335888803
-0.267687724115
-0.672855277226
-0.433181753772
-0.366192069424
-0.396509911195
-0.54682839229
-0.473376107908
0.441981377443
0.479461344474
0.146286155028
-0.224672622161
-0.529994116865
-0.218181694427
-0.487363798244
-0.207167983005
-0.567794942772
-0.41555698589
-0.271406407394
-0.138660848787
-0.38718055249
0.0624217158532
-0.273579195951
0.141017352152
0.351418154833
0.168393526376
-0.0939579786779
-0.248550711111
0.511959750017
-0.410923219476
0.0718678301447
-0.533945025649
-0.200698701612
-0.0834313066849
-0.458237209894
-0.391501933955
-0.266588557004
-0.119613545954
-0.0752613533266
0.044685119478
-0.0795679228914
0.100076268531
-0.198597308029
-0.468826519837
0.305332501491
0.0217123724083
0.300116404656
-0.0987454033336
-0.255056883695
-0.268068329859
-0.400619072731
-0.26788879473
0.190169673434
-0.0692887199773
-0.077205947197
-0.349471464007
-0.291860011498
0.276776267915
-0.023894220277
-0.752229362414
-0.354563787325
-0.294466072716
0.180028260816
-0.00358617641756
0.0601291866585
0.360948661665
-0.125639012261
-0.159733366152
-0.516270705388
0.0365557205621
-0.331530662189
0.140366454931
-0.163921432725
-0.190681370341
-0.206743317536
-0.762257454818
-0.206170332178
-0.145523969814
-0.298221173707
0.0844442452882
0.547539279659
0.0317166394218
0.152358821796
0.189836558093
-0.0170605201416
-0.248009151225
0.177574441621
-0.570458587518
-0.388828241124
-0.330928251376
-0.229565321522
-0.560385014272
-0.0295180832144
0.0166211340158
0.291084202121
-0.609861948445
-0.163334255799
0.296259491315
0.226992969654
-0.298639291912
0.479708633363
-0.104833452346
-0.246882923531
0.159121680449
0.0081592524108
-0.134851585085
0.0688524685278
0.0354855363344
0.0720165345199
-0.160006613379
-0.0602176504039
-0.287766713472
-0.338978923336
-0.339517597113
-0.235045371863
-0.280073607112
0.0352399091225
0.0555861205468
0.359547754402
-0.0753878780719
-0.0350440358235
0.138337399346
0.189498054238
-0.100389218197
0.219264759616
-0.300891403239
-0.477714612427
-0.134137651264
-0.583873595016
-0.290496498878
-0.309146896909
0.183128186943
-0.313949674901
-0.522175557521
-0.137138798065
0.217869889306
0.484470632681
0.471697214964
