0.258841435602
0.0665959477699
0.0768330678724
0.0931475819034
0.0992390917938
0.158905722761
0.203337689348
0.186272696052
0.188975008072
0.215882300761
0.236274246636
0.244825571658
0.25331551464
0.248144745257
0.261591309264
0.217631930854
0.178176791766
0.0781252240186
0.0992389758982
0.102596291686
0.141134223473
0.16296656932
0.148969857428
0.155933722446
0.127403090234
0.160423175429
0.181658582994
0.211236476999
0.175440992631
0.196208821137
0.205247733665
0.188609137574
0.127653665969
0.0838565158954
0.094183940612
0.0742443636006
0.0925792168199
0.135516799362
0.121020020453
0.0979685865165
0.10248493876
0.0949467422507
0.119509464933
0.0986766962912
0.11408906661
0.151561182985
0.201087956403
0.194023581071
0.114928420479
0.0568526271638
0.0746194635867
0.0742389026096
0.116134271057
0.106477662854
0.0950941347281
0.0813114219103
0.0639217364341
0.0532936964191
0.026622913063
0.0661754696528
0.109340146225
0.16731412034
0.194303786269
0.181885247765
0.111218735743
0.0536761059315
0.028058278015
0.0704684134225
0.0714744764195
0.0774470818775
0.0565881874933
0.0349407888704
0.0209468514801
0.0089707225748
0.0222825366239
0.0690498278819
0.100902018298
0.166278155202
0.159103976302
0.158994838549
0.0882627695256
0.0221637096026
0.0403555817933
0.0443631069122
0.0801279715352
0.0522761658899
0.0564882599074
0.0192012942287
0.0395510470582
0.0652212911352
0.0608898035666
0.0909991175408
0.109564920447
0.112192994957
0.108393770276
0.129043901016
0.0663569547973
-0.0105348360179
0.0178555405886
0.0856141844859
0.0555342423501
0.0555048712046
0.0802841063236
0.117823710241
0.12521536137
0.142274046134
0.0976487507889
0.100608843538
0.0807538294508
0.0627051404187
0.0387884971996
0.0552871766048
0.0374043999581
-0.0121885099757
0.0309299286153
0.0369728104525
0.0587937606513
0.0392866060125
0.0759028762603
0.162605141272
0.15927537696
0.12995161785
0.0950802239254
0.108699610252
0.102157240629
0.0556533016509
0.00692309659321
0.0413288740438
0.0309172351683
0.0441255826905
0.0197271177971
0.0075017556609
0.0141015134418
0.0378315385671
0.109576417154
0.159713136465
0.192958371778
0.144781091462
0.134700755287
0.129838770068
0.0992790490349
0.0528773174434
0.00567795537535
0.00914689308296
0.0165932539703
0.0644411971038
0.0256542233864
-0.0196580452929
0.02061967035
0.0591978282559
0.114533509075
0.148548538906
0.145263662473
0.118937617926
0.0829370664438
0.0639251549257
0.0310258321974
0.0519913134736
0.0309152895642
0.047252123552
0.0185910001777
0.0683564734858
0.0167564725587
0.041342521782
0.030493346425
0.0900720515183
0.0760390575063
0.0813162758532
0.0419089322852
-0.00574435495758
-0.0451384167357
-0.0397885593048
-0.0173850232201
-0.00150154771262
0.0461291487153
0.0664908538406
0.0531595066518
0.0619645402217
0.082470896803
0.066271942554
0.0656088566189
0.0275520977405
0.0199269635017
0.00747050193082
-0.0282454215456
-0.0717459058028
-0.0826640223231
-0.0485220654158
-0.0260986489912
0.00860172995557
0.0508628179651
0.0917784559006
0.0875174596834
0.0921436347859
0.117748469007
0.104618185917
0.0840131229804
0.0630348054507
0.0135513220273
0.00692377509066
-0.00305936582969
-0.0452970699899
-0.0286424040559
0.00604502694994
0.0301431534678
0.0596047675382
0.0765620608709
0.112558757192
0.0862540820873
0.117502614804
0.166186162897
0.193543449161
0.197819682583
0.150042430966
0.138592966662
0.120169412181
0.115407625524
0.0988366275439
0.0887469818365
0.111084216124
0.0814569009409
0.0940762893652
0.0934743506982
0.103199129736
0.0781020519532
0.101594038765
0.197970868427
0.242128806213
0.276031628701
0.300101363016
0.30311299985
0.324552362156
0.311720223423
0.264575261846
0.231227234015
0.208518172429
0.147952356378
0.0938789574937
0.0707057680024
0.0599935594329
0.0568008542714
0.056525154057
0.0759795515967
0.119035088481
0.165363098664
0.21450063978
0.222142482146
0.214954747299
0.178781664343
0.165883991826
0.0961987812235
0.0556363614402
0.0353682167856
-0.00314367954541
-0.00741568615521
-0.0143858773392
-0.0134454944282
