0.062
0.0897622753642
0.131423472764
0.181413420777
0.246994954546
0.335557575656
0.429494833175
0.527969887695
0.650081395063
0.722612555934
0.781477982045
0.764589520253
0.727893175836
0.651383124809
0.528773145794
0.366405719518
0.171991680793
0.276595682593
0.382560191258
0.458542456734
0.518707455565
0.550708663428
0.593760566169
0.571680503374
0.606287065216
0.601920475317
0.61329448151
0.616067450223
0.607612729864
0.607207372863
0.554155935298
0.332374053705
0.203457866261
0.350677120088
0.433671762258
0.468099267059
0.493527211053
0.459194818969
0.444026868751
0.397680577391
0.39982949834
0.378237834489
0.400668311878
0.425526519707
0.491949910769
0.545858826116
0.550332080451
0.334130468683
0.218055043708
0.406318661372
0.439732766452
0.433850790449
0.429178334481
0.384233515875
0.34031750645
0.292428518723
0.317380241982
0.316380902967
0.341423197842
0.392279706465
0.438018015516
0.509940726635
0.498383102415
0.295857808046
0.306443843438
0.47296530634
0.502216918558
0.466662653615
0.42872472241
0.395668117548
0.350734883941
0.338750481181
0.365751618334
0.396748657846
0.401783647261
0.421792259971
0.456667577735
0.469769146774
0.432864287722
0.241967257857
0.342799446052
0.506769952115
0.53285176887
0.504894975528
0.488900243534
0.459902222793
0.447928137757
0.443927541992
0.477931283872
0.46993711405
0.478935485727
0.448924634778
0.42092307007
0.371947945507
0.355977851313
0.206993442706
0.381928287463
0.551926334105
0.56096071925
0.561973364018
0.572968990056
0.584975319328
0.567983836793
0.576985902427
0.584988794529
0.578988899531
0.548982106649
0.494974706853
0.425978355196
0.350988459758
0.329996184497
0.219998502011
0.410982330568
0.550985214624
0.544992032466
0.508995661544
0.510993318711
0.516995403262
0.561997882764
0.59299776116
0.618998295891
0.595997286582
0.558995821408
0.502995046581
0.459995219775
0.393995466089
0.365998157468
0.222999325584
0.477995219133
0.636996212583
0.568998717388
0.520999258779
0.511999299812
0.521999452834
0.547999424513
0.581999506283
0.606999579485
0.610999304076
0.616999415758
0.599999491697
0.619999385231
0.594998525862
0.526999548455
0.281999789147
0.511999143706
0.609999436327
0.491999853219
0.393999926171
0.397999889871
0.403999874411
0.432999913734
0.468999945126
0.511999921131
0.496999945044
0.523999965841
0.558999939847
0.649999801499
0.678999896873
0.612999976294
0.327999994522
0.515999949849
0.585999965407
0.45099996959
0.35499998545
0.338999965897
0.339999977826
0.344999983017
0.369999993048
0.392999995597
0.390999991421
0.432999993618
0.477999987722
0.574999990343
0.67599999386
0.626999994334
0.368999998845
0.501999997928
0.583999997474
0.45399999264
0.341999991369
0.294999993143
0.276999995202
0.284999998688
0.288999999125
0.311999999355
0.319999999689
0.379999999571
0.431999999298
0.53899999948
0.597999999797
0.582999998383
0.343999998979
0.468999999209
0.585999997171
0.499999998247
0.380999997368
0.3169999985
0.272999999724
0.275999999644
0.277999999787
0.341999999936
0.355999999951
0.434999999944
0.495999999923
0.588999999925
0.59899999992
0.51499999949
0.275999999702
0.382999999685
0.567999999703
0.580999999829
0.530999999139
0.4639999995
0.406999999667
0.384999999658
0.39999999976
0.438999999934
0.474999999989
0.534999999994
0.579999999983
0.63199999999
0.563999999985
0.385999999955
0.177999999971
0.32099999996
0.525999999961
0.665999999971
0.77999999998
0.833999999905
0.861999999958
0.881999999979
0.854999999956
0.84499999998
0.776999999991
0.735999999996
0.649999999998
0.548999999998
0.401999999999
0.261
0.102
0.147999999999
0.222999999998
0.334999999999
0.447
0.564
0.63
0.661
0.625
0.604999999999
0.488
0.372
0.283
0.216
0.164
0.111
0.0459999999998
