0.023
0.041339462994
0.0802316187
0.129066346435
0.198306714566
0.28604754571
0.383468140568
0.482680836968
0.604955685762
0.691863651394
0.758859684889
0.770913567687
0.733525712009
0.660063774217
0.545383588151
0.369712766891
0.131165103655
0.242409665981
0.366156559099
0.45563575455
0.527040052723
0.569560455259
0.613179727522
0.584907991898
0.604765109513
0.586909427331
0.60366833937
0.603775668688
0.593513608076
0.605292883356
0.565241742675
0.34747832877
0.212141140577
0.372758698408
0.455000706694
0.488657394252
0.515247313454
0.489988427837
0.46978421223
0.413472428086
0.406601246389
0.372064471246
0.391555964727
0.409450779551
0.483950176022
0.538964967921
0.563399139704
0.350164275476
0.243950200131
0.428122531403
0.461633547641
0.452826427477
0.449169025335
0.409209155905
0.361282822957
0.296385095604
0.303301905104
0.295312068176
0.327364819417
0.394241845434
0.438024625818
0.506979965772
0.507409693614
0.310864444722
0.318409224552
0.481946957833
0.519220702695
0.477675310274
0.441737184453
0.402663497309
0.35272063022
0.322716337777
0.335707537245
0.369712967564
0.404763398193
0.435785762653
0.464678245683
0.479780496758
0.448873129026
0.253969717088
0.350794697329
0.507770081665
0.527856287101
0.495898836115
0.462897341606
0.425893049907
0.408911312817
0.397907045628
0.44491122318
0.455927424916
0.487933163327
0.459926659097
0.435928022841
0.389951831092
0.371979801538
0.211993830646
0.380928620207
0.537927290122
0.532959543283
0.510970160636
0.50496257597
0.513967102545
0.499976896048
0.523979761258
0.549985175765
0.564986973944
0.542982845538
0.491976351217
0.432979655911
0.359989085579
0.332996086269
0.222998304576
0.404982210834
0.527984742858
0.506990220562
0.457993942567
0.461990350639
0.476993067299
0.523996649412
0.560996647514
0.583997683928
0.567997110805
0.535996106376
0.469994712139
0.42299488086
0.367995003002
0.356997764281
0.218999104292
0.473994976995
0.630995527007
0.558998183685
0.524998818196
0.526998872405
0.546999106652
0.574999092945
0.60099932233
0.614999492804
0.587999263355
0.56999938271
0.524999428589
0.524999294611
0.510998425109
0.471999456274
0.264999741884
0.526998925793
0.636999284481
0.534999787481
0.451999886696
0.467999844788
0.470999829385
0.488999890932
0.519999930829
0.54299990156
0.497999931655
0.498999956364
0.503999923546
0.561999773754
0.571999874009
0.508999965321
0.276999992399
0.548999930086
0.642999953238
0.529999962319
0.436999982751
0.420999958268
0.415999974304
0.406999981368
0.409999990623
0.417999993925
0.397999990098
0.418999992677
0.446999983503
0.523999986533
0.567999991094
0.505999993382
0.286999998532
0.55599999686
0.665999996608
0.538999991766
0.414999991161
0.361999992675
0.339999995162
0.335999998156
0.31599999874
0.326999999105
0.31999999962
0.371999999496
0.417999999047
0.500999999271
0.515999999653
0.461999998138
0.251999998804
0.532999998972
0.669999997286
0.575999998504
0.43999999787
0.369999998766
0.317999999727
0.321999999517
0.300999999687
0.35099999992
0.356999999948
0.422999999949
0.469999999913
0.5469999999
0.521999999875
0.424999999589
0.217999999744
0.434999999711
0.62899999974
0.639999999858
0.578999999362
0.504999999642
0.446999999768
0.42999999967
0.439999999775
0.47099999991
0.487999999991
0.540999999994
0.565999999974
0.594999999984
0.520999999979
0.360999999965
0.173999999977
0.328999999967
0.548999999967
0.678999999976
0.782999999984
0.826999999941
0.855999999973
0.887999999984
0.856999999946
0.845999999975
0.776999999989
0.737999999995
0.646999999998
0.558999999998
0.424999999999
0.297
0.154
0.135
0.220999999999
0.319999999999
0.429
0.554
0.611
0.637
0.598
0.585999999999
0.485
0.373
0.296
0.249
0.198
0.146
0.0649999999998
