0.076
0.119272665552
0.180634301951
0.242702979183
0.326503052315
0.433393300097
0.541069087184
0.654238484402
0.768234470335
0.828180895858
0.860936081187
0.821796207075
0.766276441992
0.681855830712
0.547497618504
0.367721505832
0.208228474915
0.321197752624
0.426709720641
0.496843135403
0.557459349492
0.580309702318
0.629756796283
0.591661851851
0.625914528158
0.629609254422
0.653233477881
0.64760450747
0.638960271913
0.640356321759
0.588147832184
0.356023219216
0.239848833965
0.379956023161
0.441985562688
0.46038391462
0.481568886967
0.447944113044
0.421824156931
0.374291272089
0.382401510218
0.386684432173
0.415126633776
0.449980064441
0.525426562293
0.577366407515
0.587715210265
0.369281304164
0.241272186015
0.406834989309
0.425165397887
0.410109081327
0.392368252823
0.362406587596
0.317477616448
0.270568500517
0.308550384468
0.31854096611
0.370571543273
0.434453379176
0.477225107612
0.541148982517
0.534512528547
0.324891753742
0.30357555897
0.439157408436
0.462334213974
0.425703637103
0.392755625409
0.367717512324
0.333779817794
0.32981142788
0.366819700826
0.413817212271
0.450843025965
0.475852901555
0.492752676422
0.499831973536
0.458898006954
0.250972731785
0.313840719836
0.453804730219
0.469865627579
0.448900881432
0.4469138654
0.434917452014
0.442947546192
0.459949981074
0.509955306168
0.515953543897
0.533952982058
0.485947089805
0.447945867889
0.381962335392
0.357982944909
0.1979941099
0.325935844646
0.465927818437
0.488960704756
0.495973936634
0.524972643794
0.570980905668
0.591989372367
0.618991257442
0.640992769271
0.623993101889
0.586987677704
0.508979851361
0.423982093638
0.327989718526
0.294996527973
0.191998469204
0.33398097876
0.454982516914
0.456990798682
0.453995496801
0.482994192468
0.530996377413
0.608998695896
0.645998646396
0.659999028142
0.625998311637
0.575997117111
0.498996207346
0.418995105833
0.329994640716
0.311997693489
0.185999155253
0.387993458449
0.512994514934
0.476998298637
0.480999205745
0.515999399645
0.558999619132
0.598999654056
0.637999701096
0.64599964482
0.626999481449
0.60799949923
0.551999471212
0.537999091127
0.497997795961
0.438999342123
0.234999707694
0.413998508713
0.504998965372
0.431999765823
0.393999941222
0.427999874882
0.439999891286
0.461999924617
0.49099994391
0.51199993035
0.460999941547
0.459999962558
0.466999918074
0.530999591269
0.568999748934
0.533999947121
0.287999992544
0.446999866851
0.522999911072
0.447999948464
0.375999986197
0.366999980591
0.360999987287
0.347999989777
0.341999993568
0.339999994922
0.312999976337
0.337999981311
0.369999979466
0.456999980298
0.566999985425
0.562999995578
0.342999998607
0.484999995681
0.586999994633
0.474999992817
0.358999993483
0.301999995449
0.276999996632
0.270999998497
0.245999998928
0.249999999203
0.24499999947
0.291999999124
0.32999999881
0.428999998918
0.515999999506
0.549999998904
0.349999999285
0.517999999244
0.643999998078
0.54599999896
0.399999998493
0.326999999047
0.277999999713
0.276999999784
0.25399999986
0.292999999925
0.306999999937
0.36699999993
0.417999999892
0.514999999893
0.558999999908
0.516999999668
0.295999999813
0.461999999814
0.654999999831
0.65899999989
0.592999999545
0.51199999975
0.450999999833
0.421999999838
0.436999999889
0.462999999971
0.485999999991
0.539999999994
0.567999999986
0.614999999989
0.566999999986
0.413999999977
0.213999999985
0.388999999981
0.618999999979
0.764999999987
0.887999999992
0.937999999962
0.964999999983
0.994999999991
0.967999999983
0.948999999993
0.874999999997
0.814999999999
0.698999999999
0.576999999998
0.431999999999
0.293999999999
0.148
0.169
0.259999999999
0.378999999999
0.502
0.636
0.701
0.727
0.682
0.662
0.53
0.401
0.293
0.217
0.155999999999
0.105999999999
0.0419999999995
