0.066
0.103908125914
0.149391229989
0.20486667693
0.270857663508
0.353219766586
0.452723162687
0.555565206806
0.65206897254
0.707106937724
0.740588514475
0.710908525442
0.65649963571
0.576989421091
0.445789766261
0.276275349387
0.185256781838
0.282100342156
0.377234207924
0.43297014619
0.491972087987
0.527714950283
0.566479601987
0.538031404127
0.582869732882
0.591087081198
0.613287208573
0.6138963386
0.614750072445
0.620954008084
0.579867133723
0.346379626396
0.199474718953
0.330767737773
0.390627330963
0.426868184398
0.455256399713
0.439945061142
0.436769009479
0.394457520666
0.412596610042
0.407024710654
0.442366298465
0.471221309135
0.539563157604
0.582391924915
0.592085014104
0.367068506493
0.195020424228
0.343183475499
0.395480512569
0.390700636324
0.403059873867
0.386150015809
0.351272216194
0.308402469763
0.348365742259
0.356373417087
0.40142496093
0.462274908452
0.494999280795
0.55393532078
0.542393669208
0.326857304373
0.248380019285
0.384787432516
0.440021305133
0.425572524421
0.402661304224
0.393628413983
0.370719029992
0.361757590414
0.398768206116
0.444758257623
0.47378784012
0.495806032236
0.508690466778
0.518789912512
0.470871843761
0.257961197506
0.275736455626
0.407679371204
0.456792206713
0.442862110511
0.434886721456
0.426896928412
0.444932682504
0.450937823526
0.510943274512
0.51493163401
0.53293430904
0.491931967258
0.458930925157
0.407951081906
0.377976689784
0.212991202293
0.323888857313
0.467881124666
0.479942936201
0.481964794331
0.502964520075
0.530975635949
0.540985321679
0.570988042831
0.600989468446
0.600990125668
0.575984942767
0.506972983825
0.437974127449
0.351985483775
0.329995055363
0.223997869338
0.361967059357
0.495971942017
0.486986830306
0.455993822922
0.479992168074
0.499994821915
0.554997888238
0.599997620482
0.620998409599
0.593997804703
0.551996600032
0.494995092589
0.438993151285
0.362992342961
0.347996670085
0.219998766666
0.445990064452
0.603992446791
0.540997810332
0.514998993729
0.521999188955
0.545999435708
0.57899943853
0.616999568237
0.632999545301
0.616999407038
0.603999440009
0.563999357335
0.565998901132
0.541996961122
0.481999019707
0.256999528961
0.516998153432
0.62299883805
0.525999763805
0.443999919352
0.455999864003
0.454999861428
0.476999906823
0.509999942859
0.53499992888
0.495999945104
0.500999964328
0.521999923915
0.601999592617
0.625999768523
0.549999947798
0.287999992042
0.542999885348
0.640999928218
0.530999955503
0.436999985317
0.413999970248
0.408999981367
0.396999986459
0.390999994104
0.392999995801
0.374999984394
0.409999988332
0.438999985991
0.535999987348
0.623999991264
0.564999994908
0.318999998533
0.550999997066
0.662999996733
0.542999993733
0.418999993371
0.359999994848
0.334999996456
0.32299999895
0.297999999281
0.299999999421
0.302999999661
0.348999999456
0.392999999337
0.502999999465
0.548999999739
0.526999998707
0.304999999127
0.532999999378
0.668999998081
0.580999998949
0.439999998342
0.36399999903
0.314999999778
0.305999999782
0.278999999867
0.319999999921
0.332999999945
0.400999999953
0.458999999944
0.551999999938
0.567999999921
0.486999999694
0.26399999982
0.430999999828
0.613999999827
0.621999999897
0.566999999503
0.494999999719
0.42899999981
0.405999999812
0.419999999869
0.449999999963
0.475999999992
0.536999999995
0.583999999985
0.623999999991
0.569999999987
0.414999999977
0.204999999985
0.332999999978
0.530999999977
0.662999999983
0.775999999988
0.820999999951
0.861999999978
0.895999999988
0.878999999978
0.87499999999
0.813999999996
0.776999999998
0.699999999999
0.611999999999
0.471999999999
0.326
0.159
0.140999999999
0.213999999999
0.315999999999
0.425
0.539
0.614
0.643
0.611
0.607
0.501
0.399
0.318
0.262
0.204
0.145
0.0649999999999
