0.009
0.0518284977826
0.11136745036
0.176934606719
0.260394716452
0.361234566087
0.47360390208
0.595874570192
0.712794783733
0.777829157598
0.813290862557
0.779734597638
0.71461688006
0.623362669974
0.496144326797
0.323010844398
0.151240835202
0.256724384729
0.370894068953
0.442122686186
0.517730487441
0.554100277319
0.608189464121
0.58600813522
0.616444374439
0.603520852651
0.60926278984
0.596609240718
0.578553385634
0.589757016596
0.537980094966
0.319692205816
0.197449236466
0.343454497281
0.415521564435
0.446124704596
0.468688837982
0.448323927398
0.430221015754
0.375795126108
0.372876238636
0.358206406216
0.380474984952
0.397223235652
0.467505647262
0.524305608555
0.55394474066
0.355018251258
0.234984551912
0.41014650241
0.442605156085
0.428847105011
0.423193581211
0.383244128938
0.337328038685
0.277424480619
0.295353146709
0.288316055481
0.321336329279
0.377162720672
0.42386433128
0.514796087047
0.519311771355
0.320846572845
0.317411839601
0.478913368987
0.512192139976
0.475666212799
0.43572949124
0.410658814149
0.369718294298
0.337731421263
0.345725306872
0.369718291752
0.396753719221
0.430765254285
0.462633571394
0.493748079733
0.459857546093
0.253967185742
0.349792995977
0.512765185715
0.541852399234
0.512899435477
0.498899517183
0.47389471871
0.465922195089
0.435920028081
0.462923127882
0.454931382869
0.476929613297
0.459920305809
0.441919929612
0.394947766489
0.369978304382
0.2079936924
0.379926767426
0.546926114702
0.556960768971
0.556973216441
0.570966075464
0.591972285418
0.573981962734
0.569984010627
0.568987509588
0.561987823464
0.543981642087
0.495974415728
0.438978209194
0.354988631214
0.33099625886
0.216998507113
0.394982053373
0.527984930007
0.514991858389
0.479995343527
0.491992345718
0.502994730259
0.54899766284
0.564997482438
0.582998089928
0.571997127958
0.543995848336
0.491994784673
0.438994866317
0.371995168252
0.343997997076
0.203999232415
0.444994887139
0.596995738322
0.525998470742
0.490999079735
0.488999131374
0.490999322213
0.504999291228
0.537999400546
0.563999496307
0.566999234662
0.570999349254
0.545999400178
0.560999256557
0.542998310945
0.482999475487
0.243999753961
0.495998931133
0.590999279464
0.478999802579
0.3879999057
0.388999855788
0.384999837867
0.389999885667
0.411999923853
0.452999895042
0.429999924478
0.451999950217
0.492999916554
0.587999738241
0.625999857835
0.574999967369
0.299999993416
0.528999927158
0.624999951384
0.506999960474
0.398999981584
0.359999955224
0.332999970034
0.315999976263
0.321999988874
0.340999992766
0.342999988079
0.389999990613
0.443999981436
0.550999984879
0.656999990402
0.621999993037
0.364999998736
0.555999997512
0.656999997042
0.524999990864
0.37999998845
0.304999990551
0.265999993164
0.257999997753
0.248999998524
0.281999998918
0.285999999466
0.354999999246
0.419999998911
0.535999999176
0.601999999699
0.598999998074
0.361999998844
0.552999999097
0.68399999706
0.568999998199
0.407999996658
0.314999997897
0.259999999613
0.255999999425
0.252999999609
0.313999999884
0.33599999991
0.42299999989
0.498999999884
0.611999999921
0.632999999918
0.555999999566
0.304999999757
0.465999999741
0.657999999749
0.651999999839
0.575999998783
0.48199999932
0.412999999565
0.389999999494
0.41999999964
0.458999999883
0.506999999984
0.584999999991
0.641999999983
0.699999999992
0.634999999987
0.450999999971
0.220999999982
0.378999999972
0.602999999972
0.741999999981
0.852999999986
0.895999999881
0.91599999995
0.955999999974
0.942999999928
0.93699999997
0.886999999988
0.852999999995
0.763999999998
0.657999999998
0.500999999999
0.341
0.165
0.154999999999
0.246999999998
0.356999999999
0.471
0.596
0.657
0.689
0.663
0.651999999999
0.542
0.429
0.338
0.273
0.211
0.149
0.0649999999999
