0.073
0.11016331737
0.165997801907
0.219857131158
0.28933055642
0.371812730078
0.471188486864
0.563887992965
0.655715153542
0.710196738717
0.747926540834
0.718423072566
0.669636588333
0.595073413866
0.487077495448
0.343242603141
0.18805066556
0.291232159083
0.389430801892
0.45823994154
0.521371958172
0.552105151264
0.597723076418
0.579113936139
0.621044241822
0.627320840699
0.644482823237
0.631154604597
0.5953614956
0.564645860017
0.491687299908
0.280286022351
0.210592259202
0.346176318088
0.411096042249
0.442412731162
0.471742333338
0.446326849423
0.440164414987
0.399777274868
0.418890152245
0.414225851927
0.436467018088
0.457204845762
0.501358717947
0.511998118659
0.478664623606
0.272842330029
0.216110488222
0.375432102426
0.398767162353
0.400860604354
0.397182530132
0.369246473878
0.33635582471
0.292471217995
0.337428947035
0.346390635369
0.384400657647
0.419164682544
0.434761833606
0.460586842773
0.432127799805
0.249792239958
0.290454294556
0.431915662335
0.460148481768
0.418626846046
0.384692949234
0.363659833225
0.340737423617
0.33776797747
0.37577269569
0.415750353643
0.430763624584
0.426742600619
0.417520547784
0.419644538907
0.384781789566
0.211951144901
0.337780808818
0.482740561249
0.489823145409
0.447875862186
0.424891281286
0.405898588787
0.417931817792
0.423935856047
0.473937813832
0.474936551202
0.468918691653
0.418888878023
0.379871151752
0.344910262093
0.332960864594
0.197989903699
0.375915844895
0.536908894171
0.528949643315
0.518967131462
0.500965178316
0.509974255471
0.511984299469
0.534986676956
0.550988200846
0.542986235148
0.510970344792
0.457957956209
0.405963283262
0.333979908771
0.325993503295
0.220997826845
0.400977648818
0.524980740913
0.509988934214
0.456994114369
0.447991823245
0.447994396127
0.500997657907
0.545997645501
0.561997860652
0.548995320293
0.528991731902
0.478990917033
0.43499193187
0.379992700736
0.367997215451
0.224999041827
0.454993645706
0.593994528252
0.515998050559
0.47699890771
0.467998994151
0.477999258925
0.504999261648
0.543999200553
0.567999210087
0.574998521375
0.581998727909
0.570999026736
0.582998945308
0.575997921809
0.51999939209
0.281999732573
0.477998711134
0.557999122449
0.457999740374
0.375999887662
0.388999819991
0.398999810335
0.438999859409
0.475999887499
0.491999826204
0.460999875829
0.475999924646
0.511999890299
0.603999684637
0.647999827475
0.595999961905
0.322999990636
0.464999915541
0.533999939617
0.442999949331
0.371999977236
0.376999952248
0.386999968696
0.379999973948
0.379999984053
0.369999989743
0.35299998326
0.383999987191
0.425999977804
0.527999980807
0.630999987488
0.596999993037
0.359999997904
0.456999996225
0.547999995615
0.465999988081
0.37399998745
0.344999990916
0.325999993301
0.318999997511
0.290999998485
0.290999998927
0.28099999927
0.333999998996
0.391999998557
0.493999998871
0.562999999536
0.550999998123
0.330999998714
0.454999998692
0.573999995983
0.511999997551
0.405999996716
0.346999998069
0.309999999479
0.313999999596
0.28399999977
0.317999999841
0.326999999865
0.402999999872
0.464999999834
0.564999999857
0.576999999867
0.502999999289
0.271999999584
0.400999999528
0.567999999551
0.590999999716
0.547999999039
0.482999999451
0.434999999636
0.41599999967
0.431999999769
0.453999999939
0.483999999977
0.548999999986
0.595999999971
0.639999999985
0.575999999976
0.404999999937
0.197999999959
0.346999999938
0.546999999937
0.677999999957
0.780999999973
0.824999999908
0.850999999959
0.886999999977
0.864999999965
0.858999999984
0.808999999992
0.781999999997
0.695999999999
0.597999999998
0.451999999999
0.308
0.152
0.161999999999
0.236999999997
0.338999999997
0.443
0.547
0.609
0.629
0.602
0.587999999999
0.488
0.378
0.294
0.244
0.197
0.142
0.0649999999997
