0.071
0.113090411903
0.162101009421
0.211617722745
0.275207142294
0.349925031932
0.444510006645
0.539616607742
0.641917321265
0.697676194211
0.738549630724
0.714801091141
0.673214191722
0.605574974678
0.498232925627
0.346707354861
0.186545753117
0.280549064895
0.366546742826
0.429129262553
0.493949265163
0.527663510055
0.587430715075
0.573211393449
0.6343889707
0.628056217588
0.623368057446
0.60604918882
0.575331715612
0.555678017111
0.500671741799
0.297345969863
0.19249971111
0.315791442456
0.372584776042
0.420822735907
0.454309324023
0.445046111078
0.441956083849
0.407639735446
0.4207666669
0.407119447652
0.42635414002
0.43911064518
0.47433519817
0.495044174978
0.479671020003
0.279851660509
0.181990133421
0.330093241642
0.373395212769
0.378670145865
0.394060889587
0.374187139076
0.346316041926
0.296441085199
0.331382925706
0.331328457362
0.366330428114
0.410091233834
0.414703934168
0.446561058569
0.42211265929
0.242783729356
0.230329346754
0.375666037197
0.422940060588
0.404546363265
0.396655834645
0.377635105173
0.339714813365
0.32974342841
0.364738147475
0.400701623473
0.41671279129
0.408709020726
0.400490931327
0.399620539428
0.363762648919
0.195941737893
0.265692351073
0.410631376398
0.44777153402
0.440854985215
0.43488440659
0.419890193042
0.427923339796
0.427926279444
0.472925561922
0.46991259451
0.467896169055
0.399869934334
0.357853704456
0.302894541432
0.293950352385
0.181985045666
0.312868648308
0.463862525626
0.472938405086
0.47996271529
0.499961589648
0.523971411568
0.530981385302
0.557984214485
0.569984106005
0.556981614888
0.506963750757
0.429945022224
0.351949201125
0.270970959045
0.276990019727
0.198996381188
0.379959980211
0.496966980501
0.488985526575
0.447993297175
0.459991125284
0.478993890463
0.536997301224
0.579996873086
0.609997162018
0.579993907568
0.520988721512
0.450987979004
0.381987788073
0.317987906842
0.313995053135
0.205998322259
0.465988303021
0.618991301267
0.550997503833
0.517998722382
0.52099891715
0.534999228869
0.558999222793
0.600999022651
0.619999020657
0.603997897835
0.58899811085
0.545998499804
0.539998140604
0.518996350964
0.471998823324
0.264999452361
0.521997963684
0.631998709798
0.528999740363
0.444999899217
0.45399984276
0.452999833531
0.474999863803
0.504999869332
0.533999759591
0.488999829665
0.485999902763
0.509999844012
0.573999487475
0.60499971531
0.562999931816
0.306999986716
0.545999868003
0.639999915521
0.527999947727
0.435999981454
0.416999960022
0.410999972402
0.395999975145
0.39799997871
0.392999985562
0.370999978743
0.390999983881
0.424999967854
0.505999971776
0.606999981859
0.576999993046
0.344999997437
0.556999996176
0.66999999583
0.542999988975
0.416999989525
0.358999991645
0.332999993687
0.32199999689
0.295999998121
0.302999998801
0.293999999262
0.333999998828
0.384999997922
0.479999998373
0.542999999356
0.53899999832
0.329999998826
0.548999998819
0.687999997404
0.586999998538
0.436999997714
0.366999998393
0.312999999427
0.305999999578
0.281999999763
0.328999999867
0.334999999883
0.398999999877
0.455999999795
0.554999999868
0.571999999859
0.493999999609
0.271999999773
0.450999999747
0.642999999755
0.651999999806
0.58899999932
0.505999999625
0.441999999749
0.417999999732
0.434999999814
0.45799999994
0.485999999983
0.54499999999
0.586999999969
0.636999999985
0.567999999979
0.396999999972
0.196999999982
0.347999999966
0.566999999967
0.708999999978
0.825999999985
0.868999999942
0.894999999975
0.925999999985
0.902999999966
0.888999999985
0.826999999993
0.786999999997
0.695999999999
0.591999999998
0.442999999999
0.297
0.147
0.139999999999
0.226999999998
0.343999999999
0.463
0.589
0.655
0.676
0.638
0.624999999999
0.507
0.393
0.306
0.24
0.184
0.128
0.0579999999997
