0.310966660939
0.0321256591167
0.0494886128689
0.0713796215488
0.0913464457187
0.116314697984
0.132853066918
0.134604190227
0.14393660114
0.137235827751
0.123001106373
0.137194085452
0.149236274088
0.138687488962
0.127513926564
0.14493265191
0.13333290038
0.042161218827
0.0570278624686
0.0728469825678
0.0988110764408
0.106331474589
0.10889901292
0.112294522907
0.0966953750825
0.0769427122827
0.0651844202334
0.0629945537536
0.0645623821147
0.0361482172746
0.0478466281097
0.0485889819928
0.0688344674901
0.0511770666981
0.0737057906714
0.0775552157852
0.0885179708382
0.0801365148568
0.0785667325422
0.0772133074419
0.0644018717694
0.0824200464915
0.0521638678733
0.0313247892435
0.00970245067468
-0.0149820548798
-0.0121402278959
-0.00555071664189
0.0394990121023
0.0371616763841
0.0586537181493
0.0748507219529
0.0752069482529
0.0946945678033
0.045609232099
0.0489159068295
0.0754449447704
0.0830692649244
0.0647561589255
0.0655131981216
0.0334383570738
0.021166524567
-0.0212781854039
-0.0498483199904
-0.0315029622562
0.0324675189487
0.0809882462778
0.111120006942
0.0932452227098
0.0670280127722
0.0617453137135
0.0875962766116
0.0944136036719
0.098314739304
0.101104451942
0.0940438207109
0.112695408629
0.100027569908
0.0111371432276
-0.104608307089
-0.0859108749499
0.028423120037
0.0733711403612
0.119465983271
0.11227161399
0.100102013736
0.0893081916734
0.113708171358
0.114763206465
0.128446916669
0.115685764792
0.120619274374
0.120655212293
0.13446985068
0.0279235774253
-0.129795644417
-0.137511098804
0.0247531158422
0.10026851496
0.0972479778424
0.130799828251
0.138510806745
0.143513921177
0.159062632804
0.157367466686
0.156055067676
0.152700195558
0.152558865231
0.16025618428
0.174289505254
0.0767149441733
-0.116500562634
-0.137205350241
0.0156692964681
0.071562476814
0.118511331493
0.0841964838364
0.111312341692
0.135864049012
0.14711402639
0.146615889638
0.155323542904
0.154468897698
0.171188996494
0.17223416822
0.149811787066
0.11740757932
-0.0585007957898
-0.0903383204247
0.00701022426359
0.0613913545749
0.115114333126
0.118297353508
0.125001682436
0.156089217202
0.160252289295
0.170538617737
0.180747255276
0.188441294247
0.184824656934
0.163618380573
0.168604715399
0.136193296175
0.02178535238
-0.0437003801077
0.04183621752
0.0519050768051
0.0767374064578
0.100844983791
0.107490169926
0.137824960472
0.148881317716
0.169632051682
0.183612097073
0.172953894981
0.152412457395
0.140327288934
0.171402316499
0.140092159361
0.0474140535819
-0.00290704182118
0.0519631588011
0.0507818369673
0.0567254908758
0.080672876349
0.103908673678
0.129087921083
0.137474919095
0.155276284018
0.167026276806
0.141207904593
0.125021235474
0.112094709572
0.115409318158
0.123310211758
0.106758959512
0.0614622074219
0.0585096978821
0.0625576221351
0.0636165148238
0.0765626963443
0.0748736885724
0.0893603563885
0.120714669453
0.135845161207
0.140951456136
0.0878208542953
0.0728811885632
0.102891458332
0.114382787189
0.11725687776
0.110809290081
0.0943055551814
0.0585764481329
0.0723742321277
0.0466651679747
0.0487066441876
0.0550249061013
0.0756973713464
0.0984315857859
0.0834552682296
0.0661857371981
0.0147776841971
0.0583286565686
0.0918988984641
0.129352646219
0.137429704405
0.143667329496
0.0954934686922
0.0617530226413
0.0817611819035
0.0657850438461
0.0455239041912
0.0517810583089
0.029941727344
0.0216623623838
0.00563458828513
0.00401661633092
0.0401181332257
0.102591181729
0.122355163924
0.16173302267
0.177948907987
0.154168887161
0.0649895692488
0.0795573304563
0.107373998614
0.107135002968
0.122326869915
0.110330650469
0.086344091844
0.0860373771352
0.087255082892
0.117713158627
0.156795022333
0.168910087979
0.177804149309
0.203697378954
0.187732095229
0.123996346341
0.0559218014629
0.0501122718516
0.0699711851858
0.0576725626001
0.0517269360341
0.0584225713517
0.0548117576029
0.083946214853
0.101363248041
0.114386603045
0.0848884005456
0.0869392095041
0.105990945184
0.111722747875
0.0858409312395
0.0712236189941
0.0370903414614
