0.571489090799
0.0661978239149
-0.0130916490145
-0.017068824814
-0.0226277930715
0.107227223685
0.103356554535
0.0315234592196
0.0173962185973
0.0456150110276
-0.0382320912772
0.378244534794
0.280728116814
0.256090699683
0.212161693123
0.39110724733
0.39531488287
-0.03204101671
-0.00658472019574
-0.0540207500711
0.104977965151
0.268510056355
0.112466263905
-0.0205954414096
0.0464307400072
-0.0512900495591
-0.0298175437815
-0.104564690623
0.158108861145
0.0263749552128
-0.11865358702
-0.151081816808
-0.0779420119586
0.28119291977
0.325162730439
-0.0848443848644
0.000640893451408
0.108852749199
0.006838172535
0.00968810642467
0.147376879551
0.0393187623075
-0.312231418836
-0.133314239176
-0.114559749932
-0.166278681513
-0.0904502010317
-0.133716463274
0.209114941405
0.101361355807
-0.155056984118
0.0517981914361
-0.0550967525412
0.162972858306
-0.00401076545964
-0.121092082867
0.0378420293596
0.130299994298
-0.070500170649
-0.0849941862692
-0.267543459872
-0.0401167106017
-0.228452036945
-0.241968404474
-0.158160021534
0.00511897900501
-0.0793841771855
0.0455869778649
-0.0910091648464
-0.14952393313
-0.334726036374
0.189942841456
0.278379125624
0.0853859444733
0.00956780343075
-0.143861055322
0.301846755334
0.269296434453
-0.209403284986
-0.687373989191
-0.490824033772
-0.166942670227
0.095322597931
0.300698516443
-0.00259827835661
0.0576378214551
0.00755710379666
0.152261377378
0.133321106792
0.451337683945
0.148839035542
0.050595863878
0.187540544933
0.338475807831
-0.294429703983
-0.605188236594
-0.827000853332
-0.220963485687
0.102816116092
-0.234396364814
0.0827120772368
0.298451708915
0.241326531449
0.412569782474
0.226783775994
-0.0155457956609
-0.017442069669
0.228349093962
0.344399385439
0.242609376971
-0.305592189048
-0.51043744723
-0.253600907816
-0.229375990877
-0.0129249673693
-0.00588435249856
-0.0677187559755
0.155014841472
0.0430137837511
0.0912028723243
-0.104223008559
0.227173290574
0.20635358564
0.446346356057
0.318962918824
-0.0661286474609
0.0529936606693
-0.129631934472
-0.0568364592091
-0.404397489016
-0.25363762647
0.0776761702144
0.158925773417
0.0227326317496
0.219798727132
0.0830975841716
0.276754047814
0.465570849965
0.667612308763
0.31809761401
0.207210744735
0.191958470911
0.00560854296531
-0.0296892771134
-0.100143924126
-0.354517186514
-0.276664335171
-0.199623204111
0.0937669469411
0.0980877502618
0.156112728892
0.224322832575
0.342859169988
0.415679676488
0.469205534072
0.231598648957
0.0183262649691
0.326721172107
-0.037296455916
-0.141576051489
-0.477260520989
0.0648757519322
-0.157468176439
-0.319165644566
-0.299471296798
0.108099426285
0.245995338619
0.236336172684
0.522452639399
0.607827750043
0.410861349915
0.112769222534
0.117416321567
-0.161710967062
0.24154937815
-0.0245685298686
-0.0810691726452
-0.0423387610364
-0.0239893136726
0.0390800241643
-0.0570234698994
-0.184756771787
-0.0756409078957
0.248582641293
0.487011928848
0.522009650297
0.0899271791023
0.114735743842
0.266122606689
0.282465898194
0.102091379302
0.123838297199
0.206763003132
-0.221507202451
0.106778646668
-0.143807838806
-0.317514283526
-0.0986727168535
0.0362632202661
0.217978690995
0.256424938886
0.0731338572924
-0.121700473663
-0.159382738629
-0.095398917233
0.140316899797
0.227812398655
0.34189695735
0.192484204794
-0.0719384755453
-0.169904061808
0.0227134113255
-0.00134330822824
-0.225534933544
-0.371412951172
-0.0803183390667
-0.443439246884
-0.271984790918
0.0896215766451
0.242123752571
0.182942037179
0.211154654427
0.301396346869
0.34882649141
0.232169326881
0.064885799376
0.0417174825396
-0.031627445181
0.355921067738
0.190537566517
-0.211242026537
-0.166041649597
-0.454194892379
-0.262511351746
0.229314284096
0.352134291545
0.300552664133
0.370305641459
0.59647641359
0.437157273018
0.226952285919
0.355912629123
0.276082807143
0.206759279271
0.051721501213
-0.149286305459
-0.284509730279
0.00828602828383
-0.0469090874014
0.141416881655
-0.128825672108
0.00148177193573
0.290694664193
0.333946746717
0.260583448012
0.366847176833
0.242480629791
