-0.0233757935979
0.454294977308
0.452858178663
0.462991766686
0.549088360317
0.637751290025
0.689215926922
0.607407099981
0.4509587685
0.217455062358
0.268606203862
0.213521676709
0.19459735955
0.316858906733
0.1619650714
-0.121059882724
-0.111384552875
0.390185027608
0.355077718298
0.285922701867
0.457382511555
0.463015483253
0.301435543409
0.435231656806
0.271016463161
0.161834561207
-0.131206901815
-0.0656527007439
0.0808872288332
0.07489184281
-0.23838163805
-0.155546605762
-0.214621625781
0.3749508933
0.382097203517
0.432566581953
0.53694051503
0.445361247361
0.288481838022
0.122682952997
0.156307697039
0.151474709193
0.0621309742241
0.0110177969399
0.0796930343073
0.02327889504
-0.0150859451599
-0.0959041242513
0.0399445945125
0.237957404373
0.308191457057
0.480980270968
0.441371343197
0.28192566936
0.164450507882
0.079721280563
0.00184081784045
-0.160324818433
-0.214046833724
-0.304909635417
-0.0466182547161
-0.0923531233024
-0.148791983497
0.0643562733765
-0.0189516799721
-0.00362430677061
0.157335145612
0.169379952658
0.154815004443
0.265539190781
0.0135579961252
-0.086307457363
-0.35691694846
-0.172755721956
-0.153439624972
-0.104986768626
-0.121706539868
-0.154578595011
-0.0856432586273
0.133290860544
0.156741519591
-0.0026832958518
0.00457935097859
0.0877712475745
0.0868327775047
0.108222328276
0.0188638691884
-0.228218575961
-0.168516904034
-0.26636289648
-0.0272098213127
-0.123428567967
-0.191187707696
-0.0654605566763
-0.0248864534537
0.000904858249656
0.100726948625
0.0845706000785
0.122596678093
0.174613938766
0.179621110504
0.148457677865
0.0702292414208
-0.0648254561081
-0.131775647124
0.127174501928
0.0275662685825
-0.0779500685816
0.0768762742396
-0.0371234049529
0.0899496351089
-0.00999094249199
0.070718218357
0.160821886347
0.186357706472
0.244571382853
0.254376848372
0.0965737712403
-0.124067545684
-0.0490622225121
-0.0752039412851
0.0966842547265
-0.000238281751098
-0.112600603533
-0.206906009421
-0.0824670415126
0.0939007184218
0.157695282008
0.103674368732
0.160043760512
0.194277669753
0.238273468447
0.133598191887
0.0647978500291
0.0928512950298
-0.101601251354
-0.0640861901686
0.0213964627558
-0.00709026445847
-0.227675603759
0.0207822622032
0.161159900098
0.266344928123
0.223310576645
0.219775105763
-0.00167362314227
0.0137348884662
0.0327340361999
0.0740855489116
-0.0780380599377
-0.0809618752155
-0.0778618947914
0.113171834269
0.15595151396
0.118445852354
0.0506121407388
0.326956747335
0.368697484387
0.364711222292
0.369514941609
0.357119721659
0.111290037842
0.0819284093431
0.0801914951265
0.00319120113798
0.108814964553
-0.00813002000691
-0.160234678933
-0.163283481876
0.0807608024045
-0.0277214556182
0.127010444462
0.132133148468
0.141403420016
0.164156542705
0.204508882818
0.0703471127113
-0.0379096577437
0.127585600737
0.122558370097
-0.0768804602882
0.0121110079807
-0.149334585702
-0.196816364908
-0.0281710296087
-0.0280521968613
0.115006211139
0.0180081545428
0.297720172785
0.0896053658927
0.119765435386
0.118485173544
0.12855344484
-0.0660061167483
-0.186198587198
-0.0411675848653
-0.138432433385
-0.268053099058
-0.20532233647
-0.107903313093
0.0147211270608
-0.00692593212933
0.0547615453013
0.0898719153512
0.0660672226955
0.00555910013116
0.0371212188593
0.0102736791006
0.0163066070581
0.131958585141
-0.106489057319
-0.159332327317
-0.280625778569
-0.16503606879
-0.0922707937811
0.0105295025614
-0.0833302287754
-0.097418512467
-0.0405361673649
0.00705792759989
-0.0500053601813
-0.0292384141925
-0.0215778351992
-0.0239357357928
0.00018864436892
0.0154993322809
-0.0612583833741
0.00370271875232
0.126978516389
-0.104270892647
0.0725448926844
0.00345617896156
0.121315030213
-0.115576136937
-0.0554561904083
0.00749312909515
-0.0557269094993
-0.0800435842687
-0.0593634138147
-0.0625024987709
-0.0491419614965
0.0240494583926
0.0730847497079
0.313548845725
-0.0867539034015
-0.0389530774048
0.0323089082174
0.0306790155979
0.0893551137531
-0.0460165711999
0.00629262149203
0.077933160457
-0.0358871040215
-0.0767175948706
-0.0431565792371
-0.0582525812507
-0.016478707941
