0.293184248843
-0.183338597704
-0.171296099212
-0.107759689107
-0.0594108076053
-0.0279468079358
0.00869548471298
0.0458483211789
0.0988633592531
0.122434382919
0.134177196078
0.126265671431
0.131315409398
0.102262778259
0.107491760988
0.115523551716
0.108761891901
-0.095175300297
-0.0668543503883
-0.0230481563157
-0.0490643912858
0.0124269717736
0.0312372365307
0.0579788410174
0.102210401456
0.0809277548417
0.0872726966487
0.0640145018848
0.0767748509469
0.0582297908013
0.119256579354
0.114873718361
0.0660086550455
-0.077985146446
-0.00988767658827
0.0171128981678
-0.0128534982468
0.00636523969785
0.0301328242448
0.0353729726327
0.0326694238914
0.00785827838597
0.0289628688676
0.0604182365568
0.0422351460675
0.0627172897016
0.088214774373
0.140050594262
0.108152471459
0.0616224120372
0.109087583733
0.10167147319
0.0548615157727
0.0589888500694
0.0573511941473
0.0606391324413
0.0389160833296
0.0504884089077
0.0736979490323
0.0739641784404
0.0536708000242
0.0357299036761
0.131839443625
0.118700545233
0.08920578931
0.158863681801
0.212718894764
0.170030261035
0.128415460501
0.0986359615262
0.12551593087
0.146323120147
0.114282827745
0.108018949967
0.115828781062
0.120563295118
0.118604119345
0.107031122698
0.142683892162
0.125302684308
0.0662894909871
0.18792023737
0.227259515581
0.191265178141
0.148891526509
0.178413348654
0.185864825885
0.200105478914
0.116146494524
0.148675561429
0.12260088264
0.119273377847
0.138342583117
0.128526112876
0.101287601182
0.0657154923729
0.0102940062592
0.187958892991
0.208163385496
0.177773255037
0.152318733506
0.182220259842
0.19658152963
0.194164206232
0.160039408458
0.150464360577
0.136485523314
0.11964535794
0.096271264394
0.0866179849542
0.0710817641606
0.0637932525059
0.0169708530991
0.134244044472
0.135409596064
0.0725152232895
0.0652738165178
0.0862097014335
0.103162458274
0.0912751801803
0.123510718403
0.112625262564
0.134768832467
0.118751459772
0.0582964800091
0.0317666936011
0.0189454642046
-0.0211157251174
-0.036741208082
0.074169128849
0.110012949783
0.0761616702398
0.0854243227326
0.0913282025779
0.0502179488273
0.0639087594993
0.0731633568899
0.106046279746
0.0834180353608
0.0383802058591
-0.00404656789029
0.0203577366676
0.0185148962702
-0.00681082916436
-0.0705535123205
0.0774563597833
0.0688605075015
0.0526294875952
0.0322517435916
0.0204692167756
0.0263435783203
0.0347381615061
0.00150533165966
0.043025694376
0.0187186262702
-0.0045183284915
0.0328583537101
0.0640860160972
0.0320011535065
0.0217784709041
-0.0251875563486
0.102652778724
0.154935221694
0.109427928267
0.0797154395438
0.0200008030937
0.0115522423889
0.0629382761052
0.0475367502763
0.0733192489279
0.0345464819816
0.0394654248995
0.0705088542582
0.111569405783
0.123289345675
0.102598774113
0.0432742086918
0.158730497145
0.137924017456
0.120059654859
0.045937628461
0.00867212845897
0.0261095782276
0.0506635406014
0.0421968375871
0.13388925323
0.0558572202541
0.0629100720285
0.114660837856
0.144070525565
0.149569712814
0.155481280042
0.0911755892888
0.155885834023
0.167836936824
0.119839096612
0.0679577655145
0.0310080834204
0.0626342782057
0.0499144177714
0.088694670999
0.144435964745
0.0854333463666
0.096233947077
0.137038105178
0.190336083644
0.178583342439
0.162833879588
0.106031631473
0.134156278194
0.162800498536
0.155903627734
0.116205875168
0.113369312393
0.0973175817566
0.121097426065
0.17300965297
0.180983230433
0.180639610294
0.18047028403
0.207108329516
0.233621255624
0.226044214557
0.178210565804
0.0987412620022
0.150958271655
0.20458511335
0.217438671236
0.244858692582
0.265626567468
0.210896044897
0.267488652554
0.301418286248
0.298232236681
0.297942720463
0.298409472236
0.284279264151
0.259343130898
0.237736866999
0.17297190872
0.106554697935
0.0481673845389
0.108172210089
0.101692600516
0.122579278503
0.162012287339
0.122213574552
0.133687977995
0.166005057874
0.183637340636
0.164798436354
0.165556310008
0.138356236323
0.141515067655
0.124812977195
0.0944568558486
0.0432433518124
