0.354438882895
-1.13059033457
-0.861259428297
-0.456932526052
-0.345318276483
-0.454486642933
-0.504506775837
-0.374025959682
-0.276510044318
0.318052783255
0.0397888106731
-0.0444114833555
0.0314497679785
-0.117766471591
-0.338668779507
0.0138290611864
-0.185864713137
-0.450573311417
-0.0244218731963
0.310050729339
-0.197896761803
-0.614456641365
-0.0887954435228
-0.58670397342
0.106787468404
-0.0456337285112
0.148315847323
-0.0410290190006
-0.0522157967204
-0.23325616415
0.579722745477
-0.000182308472227
0.10664030707
-0.67529156107
-0.34320695806
-0.169397697371
-0.264022892701
-0.474794211707
-0.132703335424
-0.138772205889
-0.208954935746
-0.338504039587
-0.358921242173
-0.211198147985
-0.277809955613
0.210527790591
-0.325833873674
0.196403208142
0.017274613014
-0.150190106571
-0.212786538443
-0.372729720732
-0.470137506354
-0.313566841455
-0.0634034904318
0.162106716729
-0.0512242355921
0.0278584177515
-0.0661731995572
-0.0354715621322
0.0457301848409
-0.233990305815
0.120335515256
0.0137174388116
0.31698860423
0.866797951615
0.897383784309
0.378217010711
0.155266993533
-0.300009347551
0.159037466609
0.153192353253
0.552207023927
0.0301010749294
-0.174886430636
0.0755351972066
0.164929884441
-0.285378488283
-0.0490007854169
-0.00658398160519
-0.257296263982
0.66895399531
1.17033583805
0.696558374632
0.394468587263
0.436530281279
0.250639445678
0.490723123851
-0.265872007913
0.20661515434
-0.350400998719
0.121079106609
0.2144182973
0.218426796695
0.171289218351
-0.0336235037846
-0.341777477727
0.646867089816
0.743798242206
0.376894374888
0.302808706332
0.0742238736282
0.213562568019
0.200373866166
0.0997937749639
-0.260483644744
-0.0682226171741
0.0860183564317
-0.344841414118
0.14529935544
-0.309272954318
0.417749892162
0.0937623350635
0.107577965607
0.316011525559
-0.194431855434
-0.381336598708
-0.00849716288432
-0.0185438979289
-0.138456619042
-0.0233976959531
-0.114683590885
-0.0505765716403
-0.374648258833
-0.0571419739155
-0.102387004124
0.0523912473361
-0.0332356266263
-0.0786672778871
0.0260011911015
-0.0797670983678
-0.144176060613
-0.273608786029
0.133171375299
-0.188620414574
-0.0350981222378
-0.149864155206
-0.0291230533988
-0.0121334225029
0.00151079828464
-0.308583224406
-0.358244600951
-0.278048726411
0.109316117655
-0.360714220843
0.239929379269
0.190577097459
-0.240127752502
-0.325381275764
0.0425984397671
0.110346480149
-0.0959722548778
-0.532784012857
-0.268870710155
-0.252611910951
-0.440474556318
-0.139254937147
-0.122686401369
-0.153085966044
-0.0784750458991
-0.343938711637
-0.112630247914
0.160502300826
0.00318667818169
-0.0565715402732
-0.344625268391
-0.294360078674
0.200643586755
-0.204804559339
-0.151085683297
0.146751390174
-0.210558777836
0.0781063992199
0.121714234698
-0.0695694480019
-0.104139211516
-0.0596585033285
0.347067041488
-0.0986964429599
-0.136575335017
-0.142779911276
-0.232401030505
-0.0722557629817
-0.0296556774442
-0.278406204739
0.515478627023
-0.107683209361
-0.0403821574782
-0.188964351176
0.312874275971
0.173744326875
0.39073843804
0.176937206138
0.416903946389
0.571672272008
-0.0794897887486
0.126067346447
0.141510501136
-0.184594120663
-0.114513909283
0.0560380151756
0.412542934766
-0.152717917793
-0.270560484849
0.176523558864
0.591932101759
0.407314987456
0.525367299557
0.18386229022
0.22692905306
0.297678636486
0.0437968328776
0.315702177441
0.452013268593
0.108022948152
0.219346626792
0.458362135062
0.471331740048
0.487520061453
0.399272171168
0.641731703297
0.571221392533
0.551854546574
0.374012366297
0.14180612137
0.647511060422
0.581976614636
0.253923923856
0.322417559134
0.584507729764
0.280259896155
0.547213761433
0.322518310245
0.870581138323
0.670462519832
0.729058421768
0.879551740824
0.764580722167
0.584042115508
0.498640192012
0.344217772895
0.292414472628
0.319056590469
-0.271017145374
0.313016695984
0.47834583805
0.332127268782
0.319301877291
-0.0136894807183
0.307568449791
0.42643817006
0.443290879057
0.515551822792
0.45709703608
0.294948114815
0.345222593474
0.0950726040392
