0.076
0.122272665552
0.183810039114
0.238137945172
0.30040113249
0.382896786361
0.465010781448
0.558258740916
0.658145021054
0.712152622765
0.756569241421
0.735252252116
0.691904130009
0.624594748311
0.532991898009
0.370613914473
0.204612914372
0.316145341341
0.406493489775
0.460254921974
0.498107380981
0.51039396641
0.563702549631
0.553002247628
0.603227553999
0.61367988735
0.620053882958
0.602794753464
0.56529272041
0.562686419268
0.532523642595
0.342005412542
0.234633769558
0.365424457993
0.403320074407
0.406372454285
0.413485238062
0.406040693957
0.417916852115
0.397621623003
0.418805855972
0.405198423529
0.425542015323
0.440373458112
0.464737397764
0.481584558291
0.491028151243
0.326998695293
0.220148621777
0.36449783064
0.372711692131
0.354696318426
0.364022040178
0.355159657045
0.339296563986
0.311437847023
0.351410524494
0.355383839415
0.396407160752
0.438202638146
0.450886378619
0.45078253351
0.414255620693
0.242821762605
0.266463345076
0.38987693444
0.409029477509
0.392530117364
0.388642613828
0.39363505352
0.374728770503
0.370769747866
0.40877688493
0.448760788214
0.474774453969
0.495764463985
0.491582092402
0.443709246471
0.322815484116
0.147947814647
0.266763272536
0.391692191079
0.437775504181
0.440845873067
0.467889461002
0.464903072856
0.484939411817
0.488943183594
0.539946954315
0.540937855365
0.552925002974
0.505905887741
0.467892554462
0.358924580612
0.227963643289
0.0779867655998
0.275892754633
0.424874077836
0.464937390296
0.522965394119
0.566968597764
0.607979465722
0.617988044187
0.639990312128
0.656990613083
0.649989785695
0.613977936568
0.543961338915
0.462964623883
0.328979462871
0.184992427843
0.0819966452503
0.279964591439
0.414966702545
0.476985873596
0.479994919065
0.519993970226
0.554996187596
0.618998521867
0.65799803367
0.681998550307
0.656997288357
0.612994166133
0.54199332842
0.465991101953
0.354990225714
0.222995773648
0.0959982740114
0.335986979437
0.502989936633
0.522997477856
0.535999137636
0.55399937814
0.585999597232
0.615999624957
0.656999556398
0.679999449267
0.669999094889
0.66199905425
0.614999067588
0.604998271199
0.522995420689
0.385998621532
0.179999324338
0.383997284573
0.494998086329
0.475999721587
0.438999943937
0.463999869243
0.47399988889
0.497999909704
0.534999930839
0.568999908956
0.528999923648
0.533999950657
0.546999876366
0.603999146458
0.588999497993
0.487999883913
0.257999972832
0.412999749321
0.501999820421
0.461999902887
0.417999981423
0.409999981755
0.41499998745
0.405999990041
0.412999992233
0.422999993318
0.400999952274
0.420999965312
0.433999971178
0.49499997259
0.564999978974
0.542999992738
0.33199999336
0.441999993253
0.534999991786
0.460999989794
0.381999992022
0.348999994433
0.332999996639
0.333999998257
0.315999998769
0.325999999015
0.305999999376
0.333999998784
0.362999998711
0.440999998638
0.510999999123
0.534999998712
0.347999998379
0.459999999039
0.573999998323
0.486999999139
0.38399999816
0.334999998805
0.307999999425
0.315999999829
0.287999999909
0.32199999992
0.303999999937
0.354999999887
0.407999999872
0.50799999984
0.558999999853
0.523999999459
0.3049999997
0.420999999804
0.56799999981
0.55899999989
0.505999999657
0.453999999795
0.405999999752
0.386999999806
0.392999999865
0.41099999998
0.430999999987
0.500999999989
0.554999999975
0.625999999982
0.594999999952
0.445999999961
0.220999999975
0.376999999977
0.564999999974
0.670999999982
0.774999999988
0.811999999961
0.833999999982
0.866999999981
0.848999999984
0.850999999993
0.810999999997
0.781999999999
0.715999999999
0.633999999997
0.499999999999
0.339999999999
0.165
0.168
0.254999999999
0.344999999999
0.436
0.541
0.6
0.631
0.609
0.613
0.512
0.413
0.334
0.276
0.211999999999
0.149
0.0649999999996
