0.076
0.125272665552
0.192985732482
0.265088225868
0.35017560418
0.458641379337
0.581503013399
0.698317966236
0.808617568308
0.855203741116
0.881677337384
0.833213029908
0.749239046555
0.609165813108
0.459252145325
0.279954057291
0.208587581084
0.330687666131
0.447508481714
0.521785891198
0.585721590806
0.616591019811
0.668956968718
0.635621615111
0.66857086293
0.654831147129
0.657882610128
0.637587652302
0.581852285053
0.548145037596
0.493019042729
0.287879541988
0.241917587424
0.401282446289
0.473367496419
0.502815711146
0.521005232562
0.491280450462
0.471166486832
0.41254892845
0.416580190922
0.390697133794
0.405735898577
0.413317326433
0.452201918267
0.48257788279
0.506352982779
0.333806307059
0.249350667528
0.436073627774
0.467429223123
0.455291299233
0.44652214182
0.405525262097
0.352594569755
0.296657673985
0.313582688992
0.302458957757
0.331419128773
0.372156929199
0.393714281407
0.453517090136
0.478109288169
0.308819693168
0.321645855629
0.486289587917
0.520482515066
0.481789505081
0.443813680185
0.409785219072
0.361822459204
0.329821126579
0.348804631527
0.373772792943
0.389780364273
0.407741977398
0.405518654998
0.43364572664
0.423802379413
0.24896827353
0.350876992936
0.514859626516
0.541907259531
0.513935611105
0.485924253575
0.452926861026
0.445949402452
0.429946312376
0.459944256418
0.464949306003
0.464925699187
0.409894785759
0.372879881679
0.342921415221
0.343969437795
0.207994449263
0.378955078678
0.550953968604
0.551970984177
0.548979799252
0.555976319541
0.570980898888
0.554988195309
0.566989509832
0.576990612145
0.564987506743
0.520971079985
0.448963530657
0.380969421259
0.317984042469
0.314995435778
0.222998809584
0.403988664278
0.536990671231
0.526993891334
0.490996155346
0.498994840187
0.507996721026
0.562998753451
0.591998653823
0.601998337253
0.573995320096
0.520991967201
0.455992175507
0.397993899518
0.349995095453
0.35499840566
0.224999547072
0.455996790753
0.617996893763
0.553998777154
0.522999332673
0.52399934113
0.527999561271
0.551999591082
0.5739993768
0.599999309766
0.576998485994
0.573998739036
0.548999097539
0.549999201038
0.551998817785
0.516999702706
0.284999877268
0.501999272881
0.611999502355
0.513999842545
0.421999951616
0.423999906432
0.420999915126
0.427999922577
0.458999902367
0.487999819265
0.46099987743
0.469999929463
0.502999893877
0.57899980136
0.638999904667
0.60499998258
0.333999995988
0.518999956661
0.614999971333
0.502999979988
0.398999991777
0.370999981826
0.358999985135
0.337999983183
0.335999982923
0.356999989067
0.346999990203
0.378999992087
0.421999974869
0.513999979803
0.632999987839
0.623999997401
0.376999999196
0.53999999876
0.648999998563
0.51299999284
0.377999993412
0.315999994676
0.284999995621
0.274999997399
0.25899999862
0.273999999225
0.277999999384
0.327999999061
0.376999998152
0.480999998608
0.567999999626
0.582999999347
0.360999999557
0.541999999185
0.669999998494
0.55899999905
0.404999998649
0.322999998855
0.26999999952
0.272999999689
0.257999999836
0.308999999915
0.32399999989
0.39499999985
0.455999999792
0.550999999899
0.58899999992
0.532999999799
0.297999999886
0.452999999848
0.640999999861
0.633999999846
0.569999999545
0.493999999746
0.429999999844
0.398999999834
0.421999999881
0.45399999996
0.48299999998
0.546999999988
0.592999999977
0.638999999992
0.58099999999
0.404999999985
0.19699999999
0.353999999977
0.57099999998
0.724999999988
0.854999999993
0.905999999963
0.937999999984
0.964999999991
0.941999999977
0.92699999999
0.863999999995
0.812999999998
0.714999999999
0.597999999998
0.439999999999
0.288
0.131
0.139999999999
0.232999999999
0.358999999999
0.486
0.615
0.684
0.711
0.668
0.648999999999
0.526
0.408
0.311
0.243
0.172
0.116
0.0489999999997
