0.076
0.125272665552
0.193985732482
0.260174132025
0.343723147511
0.446424632696
0.555870166167
0.656185874567
0.755035233228
0.793894198377
0.80212742351
0.743931522616
0.680306385308
0.592556784886
0.469763509149
0.301484771589
0.207969157223
0.328942464457
0.436707612912
0.506851025799
0.564538228347
0.586208763276
0.62339791865
0.576999871934
0.59646153424
0.580722117649
0.59703673609
0.604133608452
0.608970174587
0.619090681602
0.571727632096
0.339787730736
0.240830584376
0.389079005456
0.455126907598
0.472475939111
0.480563153036
0.435858070645
0.408596419039
0.347002726716
0.35302771752
0.36027580039
0.409555457863
0.462392618231
0.542741824703
0.587569397323
0.594230188212
0.367130545275
0.240306784303
0.415947064446
0.44025974645
0.414139201385
0.379354812207
0.334330277265
0.28637155959
0.250450851628
0.300417938999
0.332423308709
0.389480637965
0.45935654896
0.496102868018
0.554015111022
0.54043784022
0.326875201713
0.307607749205
0.458214649377
0.468376331079
0.410705411839
0.35871404345
0.333651959301
0.312721015346
0.33176227862
0.385787399876
0.440798031408
0.477835404018
0.498837022725
0.51272233117
0.518812653838
0.47088955011
0.257972217063
0.329858334233
0.461824018279
0.465857724783
0.420880609387
0.415880166597
0.416891965126
0.448934221556
0.476943619867
0.532952457957
0.541955760349
0.55595334822
0.507945475077
0.471942476659
0.410960546201
0.37798278128
0.212994525038
0.345943709621
0.473930265289
0.463950658046
0.468962838585
0.508964538256
0.573977782137
0.597988714855
0.625991064949
0.647993207465
0.639993526465
0.600987509425
0.533980710308
0.458983252678
0.367990052912
0.337996352904
0.22399839922
0.344982704891
0.444983243914
0.435987711593
0.428993350224
0.477993170727
0.521996099171
0.587998662923
0.625998685849
0.641999055029
0.623998425488
0.574997322549
0.508996247205
0.449995441765
0.387994972293
0.360997898746
0.220999219391
0.384994013957
0.506993888567
0.466997660526
0.470999021105
0.496999339979
0.526999595606
0.550999630659
0.587999692287
0.604999536235
0.593999458747
0.589999502044
0.556999497631
0.57299922116
0.549998102023
0.48999945149
0.26999977464
0.399998423002
0.487998870629
0.418999633152
0.376999928078
0.404999808223
0.39999984046
0.417999884624
0.455999915382
0.491999916427
0.447999926457
0.457999950953
0.485999911726
0.564999654929
0.602999791052
0.555999956693
0.302999990865
0.4139998781
0.486999914647
0.411999948012
0.34899998325
0.339999974464
0.348999981859
0.347999985945
0.363999992518
0.378999994532
0.361999978282
0.39499998373
0.425999982874
0.506999984048
0.582999987801
0.544999994891
0.322999998109
0.420999995205
0.515999994689
0.421999992022
0.322999992129
0.300999994668
0.30599999616
0.309999998636
0.292999998981
0.304999999184
0.291999999462
0.350999999237
0.395999999079
0.491999999212
0.52399999962
0.506999998601
0.30199999897
0.427999999097
0.549999997228
0.46499999841
0.357999997813
0.318999998788
0.297999999692
0.305999999792
0.285999999872
0.332999999912
0.332999999933
0.403999999933
0.462999999914
0.54099999986
0.545999999879
0.467999999395
0.247999999643
0.380999999654
0.548999999682
0.547999999815
0.502999999374
0.455999999625
0.423999999727
0.405999999778
0.430999999847
0.458999999973
0.480999999989
0.52899999999
0.569999999983
0.609999999987
0.546999999979
0.387999999942
0.192999999962
0.350999999956
0.537999999953
0.658999999969
0.764999999981
0.803999999932
0.831999999968
0.863999999981
0.848999999982
0.841999999992
0.784999999996
0.746999999998
0.664999999999
0.580999999998
0.450999999999
0.317
0.162
0.162999999999
0.240999999998
0.334999999998
0.434
0.543
0.593
0.62
0.586
0.578
0.479
0.385
0.314
0.264
0.21
0.149
0.0649999999997
