-3.14230627976
-0.475888505848
-0.589078797372
-0.758398986741
-0.433628947443
-0.342836665816
0.116167433322
-0.513920604464
-0.0908963979683
0.507871251505
-0.0520053328466
-0.0268028327034
0.119608216199
-0.135872159215
-0.536493851821
-1.04474448822
-0.748900585942
-0.479162591064
0.405937911716
-0.445644513481
-0.014927072404
-0.414598934966
-0.336150829721
-0.438207623638
-0.262551735116
-0.225537451686
0.144339593457
-0.145621688082
-0.372570325815
-0.238543342091
-0.997173904338
-0.0639754380765
0.447451449181
-0.0227145690424
0.530392582778
0.100592747267
-0.0905584519757
-0.225415869386
0.0915261908799
-0.196975683483
-0.103315751282
-0.338829375374
-0.836709407069
-0.271931682515
0.051805007406
0.329639663242
0.123892784738
0.794872347676
1.02814571938
-0.163145862841
0.302688826021
0.358190506188
0.109137552236
0.180830454134
0.0774712238727
-0.133866894458
0.135810701947
0.130149618024
-0.747729305316
-0.533587285073
0.0964061117444
-0.014800707142
0.512932308333
-0.148050562702
-0.0970919425774
0.0347228719388
0.629429730368
0.29318501839
-0.0133961867155
-0.158779981557
-0.109205861607
0.150845911008
0.460491729221
-0.0485390199671
-0.222291688119
-0.239591516228
-0.261514117607
0.148975626192
-0.188798883063
0.205723870533
0.749925703964
-0.470855976598
-0.192310632114
0.496447908514
0.00447876045202
0.234264249071
0.0298105919996
0.539029685517
0.300519232746
0.756884695086
-0.0292377814989
-0.0512924784003
0.180611833084
-0.193481237369
-0.177500790741
-0.0954760860815
0.166590259219
-0.59297403041
-0.173890048422
-0.252891013393
-0.349186513475
0.363620323812
0.714822066591
0.237086695304
0.0239843417214
0.146401404774
0.121968509579
0.535748301599
-0.103719072252
-0.363786675802
0.334355380272
-0.275037738266
-0.418074354211
-0.456829281841
-0.472360641869
-0.172972223884
0.74790435384
0.209545985607
0.524841529275
0.412531239809
-0.120125935401
0.384437965017
0.313710684812
0.0494815625698
0.293911829604
0.376712278733
0.0168148434442
-0.640647795855
-0.534012598584
-0.455892875158
0.2220636551
0.473242303744
-0.0472168835586
0.457549955089
-0.223185523069
0.721157688751
0.305353037389
0.144635680438
-0.249605383457
0.0476778869401
-0.618678981925
-0.022970870954
-0.581550415276
-0.907905981625
-0.403301299919
0.0132676750816
0.083946483175
-0.575459793021
0.341638369783
-0.284885390094
0.696131118945
0.224745758454
0.251693968003
0.136766164975
0.031016477896
-0.151291592232
0.0012515920634
-0.117892010552
-0.331051189104
-0.40316340946
-0.165461326498
0.161828895383
0.540048812347
-0.389423771399
0.0723041446655
-0.168489569505
-0.249753730015
-0.20499810147
-0.362775221203
0.305768590264
0.181661921152
-0.287601108571
-0.359721847101
-0.0235247564537
0.192258241787
0.358959590679
-0.284256534672
0.19963038159
1.11184113505
0.57203893449
0.568807192179
-0.637204608045
-0.476262062583
-0.281215426245
-0.584952659878
-0.147786304081
0.0807872362504
0.208258982634
-0.214237119664
0.498724713254
-0.256382338694
-0.0344148723336
0.223449155341
0.226948551221
0.500291051129
0.0372004101181
-0.103176650841
-0.107359074419
-0.0674175796096
-0.62984374985
-0.172531913195
-0.285115383442
-0.058881527557
-0.367149982484
0.0775347123805
-0.318229827877
0.464225740071
0.230994894019
0.403133032851
0.297878140214
0.355105713147
0.0682468722978
-0.132397194224
-0.329940266009
0.592512724649
-0.176435637264
-0.315881368722
-0.505932483397
0.118111352533
-0.550292732219
-0.248867589161
0.0518516638383
-0.388334129598
-0.0401104725562
0.00138842633312
-0.180835744883
-0.46601916466
-0.315108779511
-0.053922628015
-0.167183233948
0.231671178089
-0.132348102635
0.221042183454
0.0537611409806
-0.183129711405
-0.435785071936
-0.365295072799
-0.507586698979
0.178537114035
-0.0544661656851
-0.269810676668
-0.508311982656
-0.0209140067764
-0.602269574542
0.126996504041
0.639503883853
-0.169776812274
0.522681949191
-0.243821927693
0.207887459983
-0.391396083518
0.041935317073
0.686527131059
-0.109854790571
-0.520917391612
-0.616909546655
-0.489818621502
