-0.405132781468
-0.0627453145792
-0.00747435344496
-0.0103076022826
-0.0197082384005
-0.0826599064418
-0.0372219288173
-0.0497029526632
-0.0125979693071
-0.0936480507063
0.0323313400616
-0.248276097056
-0.160399485257
-0.21724563657
-0.169813545858
-0.319875508243
-0.331468190413
0.0141649942518
0.0364991733934
0.0636925293487
-0.116045388078
-0.222427615744
-0.113106057706
0.0296811661364
-0.0176120625614
0.034238078334
0.00573766986344
0.0912332646289
-0.134150797893
0.00176346966628
0.110642960013
0.0562277583052
0.0324979559069
-0.223878620387
-0.243911984954
0.0872543113594
0.0272997421634
-0.0721189784142
0.00392978532735
-0.0157759431128
-0.103145416432
-0.0352231865322
0.252063650524
-0.0386354589647
-0.010146476343
0.0936520519785
0.0941873252422
0.0726505903072
-0.107223159084
-0.0792711781992
0.15744133379
-0.0829074088308
-0.0234368397216
-0.169944450445
-0.029982661609
0.0349619912124
-0.00736203086589
-0.0928412107167
0.0928282507898
0.104397785998
0.0836193560199
0.00410719671869
0.105251268659
0.14831748526
0.121932833192
-0.00280085585172
0.066886176007
-0.00571672363976
0.0651693461639
0.148965533464
0.260075569824
-0.151901601229
-0.227128537579
-0.0276330699349
0.016600253957
0.20715316261
-0.185953942114
-0.268884444195
0.193694363959
0.533049912941
0.443821011682
0.114121702786
-0.0832597714688
-0.239826896289
-5.84676311595e-05
-0.0327172101254
-0.0563038529679
-0.143689063833
-0.0664573105436
-0.308624401139
-0.0956386824622
0.067430936076
-0.000526597080728
-0.117401608732
0.250610875931
0.509786355461
0.75904176349
0.194737861041
-0.037017661664
0.145473764637
-0.0350857562122
-0.256622517168
-0.215906621503
-0.389018440703
-0.147868337335
-0.0279162190188
-0.0695361964738
-0.142693308424
-0.19232108489
-0.149277482363
0.179400464201
0.384823845743
0.302710560793
0.138577252146
0.000941917447922
0.0414357979436
0.0159934772042
-0.187485665988
-0.0458073078481
-0.118279793245
0.000922343461364
-0.204898341934
-0.191198050624
-0.291363608049
-0.240669108363
0.00967479676455
-0.1128129743
0.131313656759
0.0808645880528
0.323729727384
0.178917622391
-0.128400348085
-0.150757344624
-0.0521712457263
-0.209452567705
-0.122959995089
-0.230166710017
-0.426177648446
-0.539395474769
-0.212201337611
-0.13350022451
-0.132447378654
0.00363080860108
0.00819173719656
0.0577842127826
0.291478605367
0.18760176204
0.0854572886626
-0.0991559513759
-0.0595285865394
-0.128220215242
-0.225403063468
-0.291665994536
-0.311275220308
-0.389122492483
-0.124001270463
0.00755104345416
-0.336408857162
0.0282916577874
0.0888160721304
0.350338493918
-0.0849455901539
0.132032579023
0.20547493561
0.261300055439
-0.089157773408
-0.251803128778
-0.221278494923
-0.370870825512
-0.438774472361
-0.289833233251
-0.0388986540506
-0.0710615301809
0.138513037208
-0.182976245724
0.0127870877577
-0.0253293152684
0.0358060747026
0.0220741551744
0.00331815772561
0.0774377970055
0.149986109135
-0.0253649230853
-0.172803898341
-0.343926165135
-0.386433741109
-0.113209797097
-0.111068654648
-0.27774089951
-0.197099923516
-0.0409553145676
-0.0626635404539
-0.187164684131
0.147660379608
-0.130409257218
0.143459164869
0.192775277569
0.00607625649696
-0.0646351117685
-0.173361944136
-0.283980774853
-0.0586138470714
0.0996598700048
0.125118492065
0.0726195282071
-0.106259871112
-0.150719296524
-0.298535679871
-0.138237644065
0.0663058680231
0.138646492783
-0.0163456460255
-0.0738026686885
0.140972292593
0.331732296178
0.0606320269321
0.363610947742
0.219659285755
-0.0520016665512
-0.220914493359
-0.13766586294
-0.0897653722842
-0.22728464486
-0.25035094699
-0.178742840727
-0.0641478146798
-0.0316816584343
0.0573690453265
-0.190222453161
-0.171986302352
0.230900952764
0.143180997913
0.304611041979
0.237767061813
-0.202451598167
-0.277242755828
-0.176482079642
-0.221851480786
-0.426890344434
-0.314500050817
-0.179381626146
-0.261750594692
-0.17489193182
-0.106677229489
-0.00123459896751
0.107943470243
0.214442880737
0.0574586225386
0.0449471010355
-0.0569964751482
0.124167091747
-0.00226475003977
-0.188548241973
-0.24795139453
-0.196490075852
-0.265921753335
-0.189218287954
