-0.172994249212
-0.0312894432091
0.0769476434641
0.211678291205
0.173535952341
0.259781710439
0.250161815455
0.244046081088
0.330027162481
0.266737523741
0.1257678274
-0.022289347789
0.0478609901621
0.0121950693711
-0.0833897513371
-0.137576007798
-0.389610937176
0.0953072368761
0.112657864466
0.212891957591
0.0282780410451
0.0823130653708
0.12183855083
0.129194859307
0.0277729410832
-0.0962691628311
0.00122278158575
-0.0705186293913
0.0943269477162
0.0229114092266
0.00428381958324
-0.0914187105269
-0.0559173617468
0.0905352059289
0.110418551333
0.109485231809
0.00890155485731
-0.0225314011629
-0.00880373036781
-0.0600890480145
-0.0616616011096
-0.137553922006
-0.0687847414742
-0.173939128013
-0.0824970676422
-0.0269729203893
0.0344858425556
0.00489565371326
0.0467439919484
0.0552812207655
-0.014815917706
-0.0269278188376
0.0611916228602
0.0623568989167
-0.0436934424785
-0.0823561089552
-0.0644049923178
0.0107138216352
0.0472495908102
-0.0848008593463
0.0250067622989
-0.0704761694975
0.00656250645711
0.0849837097197
0.0784838017329
0.00110858716883
-0.0889618827544
0.0335154142677
7.19762436735e-05
0.0314401660764
-0.0578181461326
-0.032045730614
-0.0543287868115
-0.0460753338641
-0.0559274463666
0.0148490974677
0.030660249797
0.0786063913664
0.157539468116
0.0951468857159
-0.0261237362937
-0.105186285027
-0.0602805428935
-0.0959882988375
-0.00260101184418
-0.0661039005981
-0.0633457688701
0.0463291015777
0.0776678566547
0.0379161309088
0.0917432337983
0.0393962328906
-0.0364230623977
0.0907951315177
0.257377089928
0.0332284413339
0.0227561433801
-0.140497158438
-0.0870080250101
-0.0608797960871
-0.169697269386
-0.161767292424
-0.139697720786
-0.0496773905079
-0.0765522592823
0.0240041433749
-0.0434135222868
-0.0460313527232
0.0601838403158
0.0937679135902
0.104877737754
0.0816410437731
0.0188976276841
-0.0893903422183
-0.101435857355
-0.174196243597
-0.231891195957
-0.214592296866
-0.26325196076
-0.237563210733
-0.0532023450967
-0.225548365367
-0.132518363595
-0.125433644319
0.113785289221
0.0231159288425
-0.0464255986349
0.0652350260491
-0.0489588850536
-0.128625016088
-0.0439665099732
-0.0798041789622
-0.0123136158457
-0.106416193079
-0.173681144143
-0.160291778142
-0.119610005717
0.0184612959222
-0.201422218914
-0.144122614018
0.0643151608954
0.00898812831961
0.0015719932059
0.0661230797571
0.0502461828444
0.0714610691959
0.0199996964676
0.101513704021
-0.0330737139233
-0.0418955204199
-0.0509381976814
-0.224792299254
-0.147491299863
-0.153355828358
-0.145875466982
-0.310514582664
-0.0820835495613
-0.197027493994
-0.0240547251668
0.137638953068
0.0450776161793
0.00454439819278
-0.00878894544372
0.0588966748702
0.0287876724878
0.0450649184797
0.0192397715604
-0.119809342769
-0.269789426827
-0.249404460027
-0.162869484669
-0.334283776863
-0.214652575803
-0.170078068801
-0.108559567207
0.164055298655
0.10613374383
-0.162193280474
0.0879435925754
0.00776373275483
0.0282765996453
-0.0583579016057
0.00137994910266
-0.126518936926
-0.178836966843
-0.163169925146
-0.224362856901
-0.440190709466
-0.249173084965
-0.168671840647
0.0909170955926
0.188609246386
0.212345894114
0.0627606383739
0.161222788867
-0.0502010006901
-0.0675420426611
-0.00995716632933
-0.0128122213518
0.269498442903
0.0121857277426
-0.0991768485816
-0.0298776372937
-0.236321759381
-0.162756115053
0.23565439252
0.297530695064
0.249869948731
0.154760188182
0.100347181956
-0.104749736864
0.0585786051795
-0.000996128532816
0.118521755247
0.0305490608315
0.152578297712
0.0426287199472
0.0274291704826
0.0275790849031
0.0909234887007
0.150132924974
0.10167369297
0.203501779368
0.131920458785
0.0380380368377
-0.0610941257581
-0.114881161643
0.210208098757
0.11013648874
-0.00969202227153
0.114453115023
0.144581797597
0.134453434566
0.167880209097
0.375360079423
0.35325846945
0.426894659087
0.313662994331
0.248347867086
0.0312831911932
-0.0213289324818
-0.00343808036678
0.100834723274
0.107250968403
0.0689264372575
0.0114508417044
-0.0149946919652
-0.000349478725882
0.154337257326
0.0721342858942
0.0996653818017
0.119623860983
0.265689861542
0.35738606164
0.284476278403
0.132512380145
0.100507127289
