0.288201220839
0.086370066115
0.0784639122481
0.0517863161907
0.0484462965336
0.0370814159945
0.0645941988409
0.0629625919421
0.0416106839749
0.117775881085
0.128960020304
0.15418215793
0.156740004764
0.197330867515
0.205458842774
0.169126704746
0.215571392352
0.0445723550089
0.0589077655274
0.0637210006495
0.0900976320684
0.06887501031
0.0546842647843
0.0568254814265
0.0814811702931
0.0820151218179
0.0952143335437
0.0891608023364
0.127279213369
0.164350522382
0.126986517155
0.100955996851
0.0761812214617
0.00417973715748
0.050877991293
0.104237202201
0.0984772390181
0.102457560313
0.069428822293
0.0624808955773
0.0701034094712
0.0903569409379
0.100262578827
0.0790892396193
0.0734035486974
0.108546780593
0.142609152969
0.077887027502
0.00768350435664
-0.00219090647249
0.106052948156
0.10134912809
0.0902869330926
0.110607706156
0.0665038909518
0.0661086992506
0.0743932615001
0.117984970627
0.108107566995
0.0366125188252
0.0163997220769
0.0611181178196
0.139145935721
0.0578923918417
-0.00450195612256
0.0734535707253
0.176167244587
0.120584658179
0.109649659383
0.118890324144
0.116966299962
0.0751687182608
0.110048266789
0.152869096167
0.116789244818
0.0152754550199
0.0165779485996
0.106555637679
0.0718950210743
0.03446079538
0.0212753309953
0.0954783205098
0.171317787094
0.155380966817
0.169443422694
0.202856682838
0.196928461546
0.165433623142
0.174199438143
0.134564173052
0.116112972881
0.0790042029017
0.089537805245
0.0500201930452
0.00906619267442
0.0442213087771
0.0391744061937
0.123160826813
0.187058358249
0.197478951155
0.21075432648
0.240110713981
0.234064321814
0.22123446858
0.192401549215
0.19345861561
0.158850787205
0.141938947135
0.0991147307138
0.0433388596902
0.0470263103472
0.0768872162286
0.0545364804853
0.148088599021
0.207939468351
0.201856772308
0.196286277633
0.170113066965
0.212241101696
0.226230230318
0.226382815884
0.245283930501
0.194927288111
0.110402495391
0.107659284988
0.129629445005
0.126830774982
0.126724325977
0.0886693935613
0.181083661936
0.207106924416
0.171157770512
0.0862534709667
0.131501364332
0.167464769419
0.199846230548
0.209297867907
0.15863508388
0.162790546485
0.143239380968
0.201241329148
0.257475384726
0.229466690709
0.210850297294
0.127673882051
0.127512608732
0.127483942739
0.05171142964
0.0289124258238
0.066089810941
0.117880486286
0.12599144253
0.0955260605858
0.104596567454
0.15420609488
0.211787432015
0.259460818891
0.309689119911
0.286244171813
0.270387591255
0.14345271953
0.0855852643692
0.0487770293762
-0.0458908077546
-0.0282648970263
0.00983805376539
0.00547302790184
0.0393485926971
0.112099795482
0.149739645519
0.174850870638
0.195170436004
0.244192655705
0.25716571998
0.312292398834
0.282074325545
0.160198166412
0.0514755373099
0.0129073638459
-0.00581217182078
0.0113061389477
-0.0262807797453
-0.0532164674559
-0.00918634322875
0.0898654493363
0.134461779565
0.177831024941
0.186147613792
0.181069914585
0.199045216813
0.224014959257
0.243074071452
0.116096925998
-0.00229046400399
0.00871406056551
0.0223339782324
0.0417000491696
0.00841261304737
-0.0131526375389
-0.0164448316896
0.0652495608757
0.129005255996
0.122469462455
0.135953836621
0.120817540951
0.117881126394
0.136255832082
0.139727172939
0.0768088139778
-0.0405365062143
0.0351345385405
0.0531045604318
0.0431733633584
0.0319553268734
0.0221964773708
-0.00613530698852
-0.0530692584654
-0.0352686256496
-0.0114831087958
-0.0567372478177
-0.0268538286464
0.0302616323554
0.0668304263618
0.0408813948514
0.00206229278604
-0.0263317473982
0.00855648975671
0.0666198865968
0.0993622491544
0.160617356575
0.156587706296
0.0779434510218
0.039031143438
0.0430741400118
-0.0178774677217
-0.0516011343952
-0.0418824660737
-0.0532581702771
-0.0895854231257
-0.0784192057195
-0.123974799816
0.0264417702665
0.00380562381293
0.0465803492971
0.0804169775137
0.10025304159
0.112616212654
0.160289038054
0.14030888321
0.119225329279
0.0540229662571
-0.00580278940639
-0.00711838883714
-0.064202112216
-0.071433051238
-0.0772389712931
-0.0514881687746
