-0.867104940108
-0.182155330484
-0.2507788648
-0.408056221065
-0.37903533771
-0.155850614373
-0.178659965324
-0.0578205894198
-0.0114064841131
-0.135993832659
-0.077933254567
-0.165843916165
-0.171183624638
-0.0280884461645
0.0579832664454
0.0748742526137
-0.00199658872122
-0.113116543597
-0.283486996307
-0.119007939214
-0.112974417049
-0.107735765432
-0.167873087181
-0.318624687854
-0.129263148811
-0.196889791875
-0.0387030898744
0.0253660200429
0.0441079954125
-0.0504390664671
0.0348844582431
-0.0486531451454
0.308951637653
-0.193720006856
-0.00651336468349
0.0442525212119
-0.0302923524578
0.0444127328307
-0.0298316770549
-0.397136661476
-0.0246033545848
-0.114881680305
-0.0849923446821
-0.138633785162
-0.277426459279
-0.270065219541
-0.158539540906
-0.286156641123
-0.113905171293
0.0112156091513
0.00162024117742
-0.292983777476
-0.215722798432
-0.177181300645
-0.0511441623041
0.0234310566454
-0.136186858647
-0.104657876874
-0.103161346436
-0.133290594213
-0.253296911044
-0.25599327479
-0.334912586821
-0.334641605348
-0.246390384271
0.178359377372
-0.0592080855948
0.0797532736224
-0.0864534144836
0.0447779029878
0.13916541767
0.0553001125432
-0.228590122936
-0.234929726944
-0.259942271762
-0.327755775068
-0.347393635258
-0.305379020796
-0.300047172716
-0.393450475541
-0.33317000066
0.0173109473359
0.106170561042
-0.0681522463196
0.0598385767962
-0.146059591323
-0.0498185975252
-0.0114361497157
-0.0641278283736
-0.107197659727
-0.0732182327701
-0.235611434084
-0.122251787836
-0.117811399434
-0.0692139832539
-0.185518949646
-0.291666781214
0.0606644327665
-0.0320137078158
-0.135836274152
-0.0341022584311
-0.00028126014016
-0.0878344395881
-0.124192811252
-0.129705315912
-0.218104727165
-0.0638971139018
-0.0120301507375
-0.136134356228
-0.172478757306
-0.0672427269925
-0.146207008958
-0.231407407318
0.133336094831
0.275461174424
0.00987079278519
0.0813929224241
-0.0372647247719
-0.021231733757
-0.138510444102
-0.0892035131778
0.0601535686222
-0.0347252205776
0.0590011784462
-0.0353592687735
0.0890201458994
-0.18855061109
-0.118425441874
-0.241787479981
0.132091604278
0.105635353443
-0.00611468774991
-0.0107900013776
0.124989004837
0.0363229838127
0.109546020739
-0.0351691726427
0.137757057751
0.0434929785041
0.161234739461
-0.0947958331145
-0.286726064313
-0.0234872923105
0.0124906861867
-0.0594531315196
0.223290787231
0.119511646292
0.429546999529
0.147638883768
-0.0742351477982
-0.101225922414
0.0858456611978
0.136963096184
0.143226390459
0.0290934949632
-0.0780446128406
-0.0958803688997
-0.111537776612
-0.249482176307
0.00249076114326
-0.255902125037
0.0174732071546
0.340325106718
0.379967941858
0.117592689108
-0.0460094057824
-0.0460445013275
0.106540668858
-0.0498644802188
-0.0540589085384
-0.148214817266
0.0167468484732
-0.0181329435669
-0.132962318713
0.130853577835
-0.0208122786663
-0.0763432402362
0.0213247122751
0.193049754197
0.309351748936
0.147166835534
0.0253154835436
-0.0689980636896
-0.123011131111
0.0139912780157
-0.129795053633
-0.0659876189939
-0.369053117179
0.00537385767759
-0.118139176363
0.0991394753937
0.171983219353
-0.00289031715447
0.0749273411377
0.0877055103164
0.182910862889
0.199988062761
0.020285098215
-0.0390437116954
0.0701658804347
0.142871428226
-0.267323357273
-0.0674440909458
-0.00609782026527
0.0805426841687
-0.00433901989842
-0.15386901497
0.0543305171479
0.358508498189
0.286018063757
0.139948155044
0.336100737615
0.0738109676329
0.0604908194001
0.0123796816932
0.0103272844029
-0.023047003875
-0.269322311052
0.0587820516552
-0.0499287765037
-0.280160033076
-0.193808500491
-0.0840122353579
0.0780463059494
0.113206840485
0.196736255302
0.115021215191
0.0460265760688
0.108780611182
0.236318090912
0.444432346099
0.314816917908
0.166790102551
0.435665185975
0.074828324103
0.098762162399
0.168196316046
0.0387508136737
-0.0377179670536
-0.197429877038
-0.165477805485
0.0481671795231
0.109318157968
0.0159644368031
0.165636680701
0.050409031369
0.285489246789
0.0158517822078
0.213288964518
0.276278563015
-0.156288951999
-0.229901889442
-0.0407572114032
-0.0920471404223
-0.208225409758
-0.311939924079
-0.20711877246
