0.359976687635
0.0506838678027
0.10284225914
0.164796337905
0.186553031295
0.2152727322
0.226222122495
0.255015394352
0.252905560418
0.255317256022
0.244246674583
0.214347652676
0.150561372021
0.111926809317
0.0596552822728
0.0331608643261
-0.0242962919104
0.0953892563666
0.131823976421
0.119975697983
0.108223319082
0.129366367544
0.160997465836
0.194939610519
0.203132330957
0.214174482939
0.131330821457
0.10421744634
0.0888143818691
0.0851995292908
0.109602581616
0.136491018879
0.0534492124634
0.100091972208
0.103315998904
0.0999864190088
0.0874545951383
0.0892838911177
0.103121255099
0.170851307764
0.141071208558
0.115765887209
0.0899678319506
0.101905990281
0.146676529502
0.177899529366
0.196493342833
0.232872806836
0.136976206121
0.0487433355523
0.0639222044068
0.091825150316
0.0814964437173
0.0802860920674
0.0826442496598
0.118146960375
0.0833468317279
0.085086287167
0.0991355134775
0.114517330446
0.164830720056
0.174374785865
0.213363877683
0.239275641068
0.168178294675
0.0430270548642
0.0575984523571
0.0503194340798
0.069579809518
0.0519817798358
0.0785973456424
0.0609398236808
0.096380637265
0.13411556049
0.141885060239
0.184715170347
0.17276361917
0.174927355907
0.201535959199
0.248139908466
0.158637496426
0.0293518523845
0.0237803784258
0.0731283976434
0.088216930789
0.114820474966
0.108908692446
0.126364812346
0.162207461326
0.197738968397
0.198891468174
0.191445753119
0.165853349371
0.157867308554
0.165063862812
0.216364603315
0.152612563817
0.00517147007314
0.033929734447
0.0900933991201
0.0824897352332
0.0965240966181
0.167497773058
0.175039574727
0.191799088767
0.19259488989
0.160139826348
0.12716263117
0.117074991867
0.0961488537875
0.116092495885
0.215697373844
0.183674815665
-0.0101051703903
-0.0221723005528
0.0889084674254
0.0748291786183
0.0679040779795
0.0745638733971
0.121591638057
0.0993860131506
0.0824296787619
0.0969279601896
0.02117765158
-0.00380548849359
-0.00242348846252
0.110279489302
0.176924984965
0.147319550289
0.00377760712138
0.00548908291987
0.0691377009619
0.0201736059134
0.0173446297508
0.0193445624067
0.00700231380615
0.0145359664284
0.0232105390527
0.0224223337423
0.0262211503517
0.0272558715953
0.106034461612
0.108437072235
0.155665719475
0.106356878853
-0.0202908412447
-0.014735777721
-0.0254407757411
-0.0328879900671
0.00100092976136
0.0176355893187
0.0292318520195
0.0455409140034
0.046556512836
0.0129670393355
0.00892917178834
0.0521041431538
0.0837718816953
0.130632460142
0.112389434666
0.0625149402771
-0.00818965749189
-0.0459686960635
-0.0732931426158
-0.0258517421947
0.0137795259399
0.0657950143277
0.0345526194796
0.0606124663382
0.0795092794215
0.0846124225481
0.108182817136
0.116011342682
0.151966608491
0.0998014198279
0.0322551883407
0.000484298810592
-0.00629627842856
-0.0388037025994
-0.0836535520246
-0.0948640068301
0.0264054155868
0.0949035450272
0.110035675244
0.0860892065102
0.108878179747
0.113120903828
0.179993559941
0.1431892969
0.144262998793
0.0662182072087
0.0121824877671
-0.0369867696729
-0.0236694222457
-0.0167935961219
-0.0808653313101
-0.0723530283816
0.0195751141147
0.0694729902465
0.0961091108068
0.0698475759854
0.106575445552
0.0901707402979
0.110777440873
0.138587401997
0.096987067884
0.0845328634413
0.00647448491387
-0.0620991027811
0.00133238664888
0.0230475451159
-0.0318836987636
-0.0398620252118
-0.021444644622
0.0178812306484
0.0385463214265
0.0735224542516
0.121467101226
0.125574984674
0.0976858610495
0.143144378566
0.154978656942
0.110401545055
0.0507610193624
-0.00517593730954
0.0385441943042
0.0632040026937
0.0898931353555
0.0814562897532
0.0277045901837
-0.0198196942611
-0.000412436415197
0.0280811424795
0.0330376310064
0.0530521071803
0.0663341664594
0.102249086992
0.131059168053
0.114645036377
0.111410796328
0.0773470154051
0.043150961796
0.027916213148
0.0278888947744
0.0627920190571
0.0665995386811
0.0252838095102
0.0367076228639
-0.00114954013608
-0.0361050475216
0.0191569920582
0.0550266312082
0.125554805335
0.140869901542
0.146354874049
0.107439955329
0.059427554733
