1.49125425567
0.325669013391
0.461400723278
0.749977336233
0.67073647172
0.500270646531
0.473055782352
0.243829463908
0.134694101002
0.3845057733
0.231261055065
0.181448830002
0.271750775921
0.0817485700065
-0.149105572526
-0.0571882230877
-0.0842582437492
0.202228280858
0.427106753394
0.278812630835
0.375625369121
0.470274162443
0.579788279095
0.671623902145
0.260142565614
0.389378398452
-0.0101826692939
-0.197977435197
-0.0910925393856
0.0148022052569
-0.1828588728
-0.0137176540272
-0.639864214249
0.332605404282
0.0771080376212
-0.0188246834724
0.101962436417
-0.236761198057
0.00642680429922
0.668776128127
-0.0887457840809
0.227646394746
0.180281723591
0.128919233293
0.426066799636
0.399590518646
0.185617688796
0.496331414332
0.150967212513
-0.0208104893485
-0.0324011278789
0.497504344281
0.219239420853
0.170833652082
-0.0584133172346
0.235900441043
0.460274958736
0.256832047816
0.147110641763
0.206973230863
0.461613824602
0.426220619384
0.527212754606
0.52354159349
0.514447878748
-0.301874869054
0.167098941482
-0.0849824098178
0.0997222351648
-0.247211080266
-0.105357301661
0.00740793863458
0.430512424608
0.298749015888
0.353125955315
0.590133210395
0.64030990545
0.524004304758
0.484292878982
0.742677290143
0.6733837051
0.104353776876
-0.159051964095
0.145157078128
-0.204706384129
0.263585863542
0.181386180911
0.058776651613
0.115155916613
0.0919684576434
0.130023883983
0.444913477808
0.194639070454
0.201493962333
0.145518187718
0.386611920865
0.633556657883
-0.0958506466153
0.0792793628839
0.359985484565
-0.0299402735477
-0.0643105023456
0.160741522152
0.155031447201
0.148426783516
0.315724645005
0.128903394533
-0.0496433392732
0.142536966713
0.150098556359
0.109893842486
0.348493681328
0.504451540489
-0.353044590385
-0.444940218797
0.00519076860359
-0.159134529673
-0.00502054193592
-0.00624127709748
0.307985761159
0.123475379025
-0.150555527636
-0.0107737032925
-0.194368456062
-0.0782007985868
-0.317557636942
0.227457925171
0.264393632638
0.459790914305
-0.305541324642
-0.198961064567
0.321938854527
0.0522642179758
-0.210776939116
-0.0466635286868
-0.166424504686
0.0544182428187
-0.249819498362
-0.0366882221622
-0.1833746575
0.0594740691651
0.388011397889
0.0100322016325
-0.0214735313588
0.0544085310983
-0.514033921344
-0.245478752212
-0.638342994267
-0.158801610667
0.0781328525447
0.142710652991
-0.0569264996139
-0.14109455775
-0.0926247373074
0.0222165348994
0.18677160033
0.172975279018
0.0233688053385
0.35139790899
-0.0402015833784
0.17945372952
-0.102137745584
-0.67643004483
-0.686289513246
-0.253194367116
0.0569328584021
0.072794528318
-0.308317585233
0.00591366142908
0.000175229973732
0.00378328801435
-0.095741640753
-0.0482952251729
0.125016215568
-0.257436198358
0.0267801650866
0.0738376802291
0.108858786938
-0.431473994651
-0.592552004976
-0.309604424589
-0.175036859869
0.0931587990118
0.218933179495
-0.0561738640744
0.126685898682
0.0293053326065
0.659955420335
-0.0220522107275
0.204370983032
-0.139479911212
-0.378064138738
-0.123090912291
-0.13376908494
-0.0146576254336
-0.398977665176
-0.37957295686
-0.0702645998628
0.0840721939756
-0.117570048959
-0.243841110368
0.314238329669
0.0133096610754
0.0690565913321
-0.150851672549
0.0140636104928
0.0397647101696
-0.0394573720486
-0.609637670412
-0.32820949898
-0.195085306034
-0.681656261711
-0.334192912577
-0.214021478207
-0.112545826037
-0.0379817840632
0.00471311692223
0.396487796188
-0.0704096675274
0.172202026539
0.449357199057
0.343030046141
0.127836675167
-0.0489561270212
-0.106370179363
-0.176786700242
-0.123964608485
-0.00311088125154
-0.0602399953428
-0.227065254662
-0.552354334312
-0.361775494902
-0.117945343177
-0.511906646559
0.0411872894116
-0.0351134657979
-0.118668709101
0.154222694213
0.219340471986
0.370459602916
0.256140638808
-0.123813375638
-0.347666103836
-0.0300081365116
-0.118228065649
0.249139437635
-0.254471740572
0.150484295556
-0.164951482911
-0.470303146402
0.0596800677148
0.232554978451
0.0622988719607
0.106457919278
0.390597088247
0.510280375368
0.336782953426
