-0.211918598897
-0.236753146992
-0.106067559994
-0.123671982834
-0.0793039413594
-0.481520456916
-0.206321199439
0.0289690999461
-0.118042815323
-0.375414268777
-0.374539227938
-0.505376804141
-0.469477414823
-0.0157954748067
-0.383265978139
-0.413246664154
-0.390170826436
-0.186604188196
-0.181053724241
-0.0959025636549
-0.14147607555
-0.189055944523
-0.0671552830491
-0.0331766245965
-0.100282648447
-0.276594067567
-0.182740603549
-0.357036509571
-0.135156569381
-0.227868488261
-0.219331020774
-0.242942365373
-0.17398327958
-0.181669912326
-0.0680420551079
-0.0714672969367
-6.3396340711e-05
-0.119103215135
0.0911953333716
0.013269205723
-0.00143075190692
-0.0992308280063
-0.250864413938
-0.0151094122409
0.043931826668
-0.110221196001
-0.260388717581
-0.182227676395
-0.410213120092
-0.0952418199273
0.116266069234
0.140653723923
-0.00615921747064
0.0405819792261
-0.0377623695071
0.0350406043768
-0.139626567375
-0.0469447758891
-0.0847682152403
0.013029560732
0.051985418894
0.0576485356338
-0.08191250878
-0.248350146636
-0.172053003489
0.198930871369
0.188803173944
-0.00117795182575
0.0983463287593
0.0232272803583
0.114921467688
0.156748644475
-0.0160649286178
0.0073767397359
-0.0315037832459
0.0897612790541
-0.137323496347
0.0206936666295
0.180543296079
-0.297106072745
-0.0964111168257
0.238886797736
0.14526583683
-0.00479449895321
0.0454522691454
0.0485735952454
-0.0465212414831
-0.126391588907
-0.0357825977835
-0.0807988120561
-0.0087869407422
-0.00247502203516
-0.217268502249
-0.0195834701892
0.138194144508
-0.254507139005
0.0524868893453
0.284958188103
0.346445978158
0.076399807901
0.213042970077
0.273652008208
-0.0227412815065
-0.136554044519
-0.0612718243074
-0.0704975890526
0.155990139257
0.222177902685
-0.326349852617
-0.00418443380287
0.069925774056
0.32078384216
0.179095834367
0.102289125665
0.212088656492
0.0058888281251
-0.0564899700766
0.0288489733522
-0.0480290479033
-0.240938954625
0.00593996145127
-0.012977539429
0.0110122115657
-0.00631311625685
-0.0405620527761
-0.0235713021858
0.214316891997
0.0144394158829
0.145876602202
-0.170566222335
0.284166980183
0.118820054374
0.23292113935
0.124853367761
-0.0140728525484
-0.167035638145
-0.154703297664
-0.111265042479
-0.00971474149117
-0.0536033879422
0.0340627011185
-0.0907264614953
0.273058109056
0.120109820589
0.163245821375
0.118556378217
0.231663171291
0.185776759239
-0.141087509791
0.136585356268
0.0372660932788
0.0288051436668
-0.129081713995
-0.0879894824214
-0.0779324692696
0.0636421606077
0.124323028547
0.142803483936
-0.00286488787163
-0.0961541351877
0.0326073705033
0.135216768703
0.326079632791
0.180246937253
0.333827341297
0.178975904052
0.247501101649
0.0735250564568
-0.00239848656984
0.361730181227
0.289226598914
0.195224803229
-0.0959168392965
0.245543501304
0.0956579207685
0.320950886079
0.161796693281
0.0717995621496
-0.0917904074001
0.026068734871
0.0545792510979
0.171306740641
0.0982970034585
-0.0290284495172
0.255341352864
0.401680416124
0.160339185203
0.116268978838
0.321029548929
0.26408271339
0.243254684498
0.141214647833
-0.109177479418
0.258985709752
0.0836318056499
0.0885128436755
0.1733050155
0.137802850086
0.20651112226
0.30626423114
0.28012791959
0.320256795224
0.203871686218
0.314229990146
0.240952770095
-0.0443799708128
0.032276128494
0.0689997251464
0.0320883741734
0.0779878914654
0.0500877782926
0.0340955714174
0.102350127722
0.037387303172
0.125138135892
0.155943962783
0.265838772048
0.0953706577996
0.116044195738
-0.0539835248456
0.0515017505691
-0.176477431093
-0.174167396886
-0.108263558894
-0.118180141441
-0.151515747576
-0.239545494112
-0.253157619754
-0.183243029652
-0.356669111786
-0.163337118602
-0.275447717368
-0.356935225525
-0.231075758483
-0.266071082579
-0.259701618941
-0.235055558474
-0.0621300889024
-0.0900848147193
-0.160350365091
-0.167247352374
-0.162521589989
-0.169562440146
-0.233050661589
-0.253446430338
-0.500393953937
-0.189119188213
-0.350358516826
-0.24456654066
-0.247460561533
-0.29763306789
-0.0843298765591
0.0120005625904
-0.0585742091677
0.109435765908
-0.155617390398
-0.225084417522
