0.128764012517
0.410533477345
0.182915602147
0.241169591869
0.18747426406
0.729260727589
0.366583527738
-0.0738861357269
-0.132610450638
0.537634742482
0.539361561029
0.567020578649
0.611369094454
0.0104659548129
0.543924162594
0.552589878895
0.775520413002
0.327221107876
0.375695623021
0.22097191912
0.266514087149
0.317380318325
0.116443369521
0.203098242916
0.0499799367716
0.351898705893
0.457182993841
0.704788335623
0.0810398109815
0.539099833368
0.0722466444725
0.0459328306866
0.156837906059
0.28395455577
0.158088295135
0.186272874542
0.335724028931
0.35109754398
0.409019873809
-0.0232753165384
-0.0935034476708
0.149915533705
0.506433477453
0.100448970529
0.209802780881
0.270082219675
0.362453899187
0.0107253679668
0.251248354448
0.164245484139
0.270639369805
-0.0868903878628
0.196169376878
0.353129424535
0.203785582515
-0.0253931312959
0.14692261426
-0.250698471225
0.00861553523258
-0.214497301194
0.0837422303537
0.112316841359
0.519665742471
0.511582074601
0.327786649869
0.0164580175551
-0.324758715924
0.138953558797
-0.142509360741
0.131999830968
-0.145774927815
-0.487087609481
-0.0638921904706
-0.12035868245
-0.238009116054
-0.0634100508076
0.161267088767
0.382713752117
0.145862342161
0.422609542038
0.203292710265
-0.152527244096
-0.391312916396
-0.0105260023007
0.0502518187399
-0.000931336008561
-0.161777472215
0.188640658867
-0.0899840495961
-0.155371321203
-0.0207417389178
-0.0442627738183
0.375245066874
0.320628667046
-0.055037930126
0.441612370381
0.24621963291
-0.477707467187
-0.77720290319
0.222441450953
-0.315351724483
-0.233106539212
0.121694426561
0.335933869425
0.0562245574859
0.414571721219
0.0971216269639
0.0490110551882
0.547424864214
0.137460804251
0.0670416761932
-0.487576894405
-0.352804805511
-0.516829174426
-0.067696480517
-0.267728431936
0.0596185603655
0.0297103292152
0.0227954626726
0.298133193715
0.110145273502
0.0609511274506
-0.472707234112
0.188963501117
0.155755935659
0.461895106201
-0.463015818631
0.126718688116
-0.110329582167
-0.0923507387725
-0.481019710979
-0.101397689877
-0.625166582236
-0.563322852773
-0.107178283808
0.293488715501
0.153171075814
0.279280461057
-0.00574041060714
0.16394118669
-0.0604115057082
-0.168681870081
-0.34680441409
-0.177289028557
0.189638226182
0.107945700307
-0.221051514548
-0.350564399325
0.133464987036
-0.17282782935
0.0502809975104
0.137332008036
0.294139209739
0.128378618969
0.141709812539
-0.427668569304
-0.765902671538
-0.579799936068
-0.0158952407017
0.251806948831
0.159915240865
0.0104427122605
-0.614329547016
0.0179636723228
-0.478575543537
-0.0307106874062
-0.186931609657
-0.131691306021
-0.0148264199416
-0.545763390123
-0.649459716025
-0.764947181217
-0.110147244252
-0.184357497288
-0.115566147943
-0.0582157916813
-0.441304349049
-0.14369714269
0.18921517066
0.260234520452
0.397765154374
-0.126980847449
-0.579765781786
-0.0196535946152
-0.388722014626
-0.726261454144
-0.403086781726
-0.492864836861
-0.813420939645
-0.402799878344
-0.130046791948
0.00581786901953
0.111792993204
-0.267204982707
0.0491317342543
0.312686597829
0.0305411436977
0.0196007019365
0.0218022159067
0.0736068762486
0.00631904215666
-0.469202253503
-0.0421150207005
-0.0316624619269
-0.0996590092855
0.0287902888214
-0.305248576636
-0.0782502001962
-0.162310663903
-0.217813774645
0.0300587395807
0.254820459667
-0.0819240532905
0.188829458766
0.364986916722
0.453063810399
0.112361989592
0.116535618287
0.224595918607
0.442616556385
-0.0889672975458
-0.0199189221832
-0.0832829062287
0.24721740067
0.235314382696
0.0805332844359
0.400004509366
0.331332874905
0.00238605443301
0.554659269815
0.31063737176
0.539545157518
0.396059253397
0.242016854949
0.120686216221
0.372540210497
0.29328286331
-0.0818143706422
0.0375631346469
0.233592813109
0.276948198055
0.206263733524
0.21494622391
0.261075039439
0.543234505794
1.09557903726
0.591327916813
0.300603148854
0.111433112527
0.543314792001
0.223142880707
-0.011759361421
-0.275982805733
-0.222699838775
-0.125667812592
0.215182570729
0.132077405712
